t: 0

f: 
-25.8951
0
-7.77018
0
H: 
-5.17854
0
-3.17854
2


t: 1

f: 
-19.4995
0
-5.64915
0
H: 
-3.95724
0
-1.95724
2


t: 2

f: 
-15.1155
0
-4.28334
0
H: 
-3.0949
0
-1.0949
2


t: 3

f: 
-11.9344
0
-3.33096
0
H: 
-2.45812
0
-0.45812
2


t: 4

f: 
-9.52482
0
-2.6292
0
H: 
-1.97018
0
0.029824
2


t: 5

f: 
-7.6381
0
-2.09073
0
H: 
-1.58496
0
0.415039
2


t: 6

f: 
-6.12146
0
-1.66454
0
H: 
-1.27341
0
0.726595
2


t: 7

f: 
-4.87614
0
-1.31886
0
H: 
-1.01637
0
0.983635
2


t: 8

f: 
-3.83551
0
-1.03285
0
H: 
-0.80076
0
1.19924
2


t: 9

f: 
-2.95306
0
-0.79229
0
H: 
-0.617362
0
1.38264
2


t: 10

f: 
-2.19534
0
-0.587157
0
H: 
-0.459481
0
1.54052
2


t: 11

f: 
-1.53771
0
-0.410162
0
H: 
-0.322156
0
1.67784
2


t: 12

f: 
-0.961582
0
-0.255888
0
H: 
-0.201627
0
1.79837
2


t: 13

f: 
-0.452718
0
-0.120226
0
H: 
-0.0949978
0
1.905
2

