118.669 # cost
-7.77018 # x derivatives
0
-5.64915
0
-4.28334
0
-3.33096
0
-2.6292
0
-2.09073
0
-1.66454
0
-1.31886
0
-1.03285
0
-0.79229
0
-0.587157
0
-0.410162
0
-0.255888
0
-0.120226
0
0
0
-7.77018  # u derivatives
-0.571429
-5.64915
-0.571429
-4.28334
-0.571429
-3.33096
-0.571429
-2.6292
-0.571429
-2.09073
-0.571429
-1.66454
-0.571429
-1.31886
-0.571429
-1.03285
-0.571429
-0.79229
-0.571429
-0.587157
-0.571429
-0.410162
-0.571429
-0.255888
-0.571429
-0.120226
-0.571429
-5.17854 # x double derivatives
0
-3.95724
0
-3.0949
0
-2.45812
0
-1.97018
0
-1.58496
0
-1.27341
0
-1.01637
0
-0.80076
0
-0.617362
0
-0.459481
0
-0.322156
0
-0.201627
0
-0.0949978
0
0
0
-3.17854 # u double derivatives
2
-1.95724
2
-1.0949
2
-0.45812
2
0.029824
2
0.415039
2
0.726595
2
0.983635
2
1.19924
2
1.38264
2
1.54052
2
1.67784
2
1.79837
2
1.905
2

