Sat_Mar__8_21:47:45_2014
30.7317581688 -7.91306926096 71.7156768954 13.9003371165 22.0867149103 9.01404787398 19.2903271693 10.4463598257
28.9079829028 -8.90129870303 68.6593711121 13.7387544274 19.6262779573 8.89404906882 31.0220983551 -8.54441667188
29.7232469544 -9.56972503399 71.9235329324 10.7053858406 21.2930311023 11.9938540049 30.0286807856 -10.4974093293
31.6950594381 -12.217914376 71.4530877417 12.0199305299 21.5634386928 8.85184071752 71.6084930822 11.2932521027
28.9380264666 -11.5424095972 72.4411556615 14.2248375424 21.7325311607 9.63292718796 27.8858977612 -9.47215354702
31.4816350733 -11.32700967 70.0802956219 13.281106823 17.8034219165 9.17744977335 29.8732223646 -7.75031615281
28.9819492267 -10.5313186682 72.3778700434 14.2002845676 19.2376916695 10.3345453809 69.6737892622 14.6403649016
28.3744638762 -10.7980869547 72.0865381095 13.6434151891 19.1916620289 9.34678324991 21.0284163823 11.9619759101
30.0538337942 -12.3966410712 70.1002579616 13.267912864 18.0636078759 8.79400954657 70.4815367912 12.860304659
29.9133925513 -10.0610551803 68.4386061388 10.5349608364 21.2680442026 12.2690509812 30.543047233 -10.4461135253
