Sun_Mar__9_00:20:01_2014
28.7186364645 -8.9624773755 69.9970376899 13.6548496887 20.5437586797 9.44293259147 69.5703602997 14.7450766009 22.1082937525 11.6205481981 18.9344407949 11.9216950071 32.2612423157 -9.24043382568 18.3691650894 11.1529011376 68.402477596 11.890131169 28.2484717371 -11.4756728295 68.6335967563 13.5561837642 21.7304439139 12.125685214 30.2108597613 -10.8119596363 21.0439557472 9.62114814317 31.8693517022 -9.31340292088
28.041342147 -12.0137249138 68.5457001833 11.5163644316 20.2305190302 7.85868972528 28.9233057507 -7.86708050398 17.9598080933 8.20304642341 19.5971706895 8.93249882298 28.9210589795 -11.9919216969 29.024989098 -9.45743954732 29.6003721056 -11.9943948357 28.8242228593 -12.3718835802 17.5288132506 8.36589486348 71.7041712 11.3919145643 68.9772597247 14.5960000587 18.8598747983 12.1277319505 68.394401338 13.3884931282
31.6090072328 -12.315688973 68.5351607409 14.1481827292 19.9622853884 9.49711596586 68.3012655321 14.5353768841 70.8854303406 12.6515796652 71.4970279871 13.0653282977 22.1613030718 12.3487624941 21.7153783646 8.72120016608 29.6454238491 -11.1198528021 68.4057437302 12.7453703797 70.6424667731 11.899750698 29.3177368733 -8.76252844583 30.7825337894 -9.42163679693 67.7184107239 14.0076206549 30.8141686674 -10.835974302
31.3462723919 -7.62844530509 69.7743819824 11.0517037409 20.5499528748 9.61761787996 20.658699438 7.78754658378 29.2665941627 -12.2644922487 32.0916186805 -10.5028619246 69.0899488597 12.2942657719 70.0555909146 13.5603705174 18.4481203051 8.65549600427 67.5867791233 14.1181845163 18.7656654881 7.6137435435 31.0776364691 -10.6627330364 69.9747516021 10.4596482327 32.1910824016 -9.92779959096 20.9378437486 9.30209756898
27.8223637221 -9.56017808627 68.5717027241 12.138639426 21.6385510745 11.7254931041 28.3564971655 -9.26274896061 70.2390344343 10.1311415388 28.9836856594 -10.7534377082 17.9727000586 9.4491314051 22.4903687881 8.28062706788 32.4828030526 -7.78676773925 70.6794508142 11.53131673 30.7258058646 -10.8216290616 71.3783593749 10.8132599657 68.7457945621 11.0045054873 70.6299774993 12.056431554 69.9752320836 13.223043113
30.1387889276 -11.2209478064 71.9304217914 10.8718329072 20.9844610549 8.71360875738 22.0807466953 10.9590153804 18.9802708181 10.2990802393 71.502063598 11.9883741018 72.1165272901 13.8022933072 19.0060923028 8.17738756002 29.6306938385 -11.8466557651 17.6600861559 11.9557658256 18.7530137834 11.3243729984 69.8841685597 14.9897295403 29.2657070129 -10.5913953262 18.3808825444 12.4741999524 19.3287715227 10.4899795388
32.470922804 -9.5908814044 68.5814879095 11.1618500504 22.3229604464 11.2242099922 68.2401498337 14.550212962 18.8895055822 12.0034762667 20.6890888628 9.84824201243 70.0359388652 11.7779929087 22.1211622077 8.1367552474 30.275990286 -7.7536494274 69.7822125553 14.3935390791 21.3396862367 11.26581999 22.4545899491 11.2933144473 21.9009471809 7.62440262986 21.9875936109 9.21173223037 29.5921142049 -12.4271541774
28.662431875 -7.90994776977 72.3444524792 12.2456624971 20.6057667112 8.11256893453 32.1822205629 -11.4400931333 21.5675019359 7.6285679914 72.0426135506 10.1335182465 69.6646543271 13.4218560058 69.0588592848 10.2456077095 28.0538151344 -7.61486383739 20.4596121132 9.89476538018 21.3420972319 10.9688825845 31.9315290425 -8.99730185106 70.4562596965 11.7300025244 20.6252276842 10.1081768324 20.1803659752 8.32239432913
31.4132652575 -12.3783284147 71.9012460156 10.573799414 18.6374748113 8.66830864009 28.3673231955 -11.6801445555 28.5859409813 -10.2840885616 29.1946648857 -9.534093325 29.19582727 -10.8839021718 29.0645256187 -8.99087556724 19.3913365132 7.72819028446 20.740483708 11.1242595837 72.2407389585 12.43993446 32.2559494722 -10.4627551024 69.5733047646 11.0848460593 18.9601545648 11.8993503404 19.0611099126 11.2489916641
29.9472218308 -9.58937128681 71.4060215142 14.5733481159 22.4855263157 10.2633904549 19.2096356069 11.2388524104 21.6631419746 7.86542845516 31.4125873291 -11.287683133 20.6102271878 8.70605137762 32.1490042875 -7.56982232054 19.6227744979 11.0183375816 69.265402317 12.5036661063 17.5352147152 8.83191322077 69.2278296305 11.0265478566 22.2226241389 10.4677054495 71.5965777125 10.9889528339 69.1357671917 13.0153684345
