Sun_Mar__9_00:19:28_2014
29.2060754989 -9.46962806073 70.9725625471 13.0542820462 20.4433510904 8.32762405112 28.7102758523 -8.95936868341 21.4964251987 12.2663889479 69.2482958664 14.1030371285 31.5958211354 -7.99716181802 68.1775716597 13.2687048863 21.5305145253 11.4193062179 72.4033826532 14.837004839
31.4660834773 -11.6148371797 72.3808887862 10.9209743717 18.1182837943 10.3966478257 18.6341622486 9.17320577857 71.8514437465 14.6531816572 32.2306891408 -8.62429341197 28.4784680663 -9.87700861421 68.8023085407 14.9519184341 31.1334851943 -8.85931939423 30.5817749138 -9.50458291267
28.8696337927 -11.3078470759 70.3039028405 10.6326336372 21.9168251578 7.75011763705 22.2903861997 9.47291888718 29.6741136518 -9.80670017785 72.092762327 12.4917460745 69.5957098168 13.7726229767 19.906136094 9.65033005113 71.5924709096 12.643185213 30.0417076245 -12.1798589857
30.0718121793 -10.0574937404 69.1272818866 12.0437823298 19.2796317515 10.6948746815 70.353850868 13.9935221955 22.1604369856 7.73334367174 28.5846312606 -8.97601925628 69.6205820918 12.1083052453 68.8634529806 14.0487580651 22.4210828447 8.35859099898 21.662802546 10.2795838169
30.8230453947 -12.2608152938 69.4980991077 11.8080039347 21.2315426899 11.3760378627 69.1304157437 12.4140427867 18.4700681448 10.4992606275 71.136633895 14.8419899124 29.8079880411 -7.99159034951 71.2098956072 10.0793316516 72.0460532472 13.0839026585 27.5729330859 -10.8759660471
30.0760658347 -11.9282670746 72.2926916614 14.2099327723 21.4303293007 12.2076579885 21.8374754747 11.9541816567 29.5262201487 -7.63458751361 67.7812700485 10.5141381768 68.1190329368 11.0347312299 68.8550816133 14.4268673198 22.0126075614 10.4945040211 67.6525644824 14.5989551521
29.1571271072 -8.06752849537 70.9661073219 13.3201335384 22.0548654946 9.69575237457 32.3774603567 -12.0457610527 70.7160739864 13.0791983779 68.9673842585 14.9979498959 72.3193409814 14.6541594631 27.5582898743 -11.7838560698 21.8471338566 11.9124243381 22.4354311221 8.14594942207
29.4397287078 -10.6573791923 71.6739978958 12.4312997904 20.9929974075 12.2997028936 20.7257077169 12.0658944714 32.1176462213 -9.6587658372 68.3970373744 10.6525179676 71.1604665894 10.8048310539 21.2259307622 10.3735367802 28.6914823854 -9.92710835808 71.1668436123 11.7444440954
28.0208788163 -10.3173117566 69.2306771442 13.7462022579 20.4150678924 9.74260126465 71.0465144838 12.235100827 69.2840505364 10.9275752264 31.6682203049 -11.1054561304 18.7521165893 8.37075316819 32.2403825828 -9.78430742535 72.3172037386 13.5477849102 18.9974453204 11.599730786
30.5621517023 -11.1347700089 69.8159823987 10.350990927 20.4593434079 11.7169827632 20.1804804008 11.5824329895 19.5754912599 10.6702257416 21.4641951681 9.21908367461 17.6377000762 10.2292901973 70.0124011169 13.365193882 69.2322958187 12.5275305354 18.8973884385 11.2706296234
