55.31229 12.07031 348 553 554 556
63.46313 55.18557 408 423 424 426
81.96444 -10.03209 621 622 623 625
55.52620 20.60883 341 390 393 394
39.47365 -7.47130 6 47 166 197
38.17781 -7.44791 5 7 164 166
37.49312 -7.23808 6 164 166 168
39.55252 -14.07648 41 174
19.45030 -0.20710 203 205 213 214 215 216
1.12026 -1.65926 11 232 234 239 242
3.25321 0.08966 10 57 235 239 240 242
19.65929 -7.10104 14 146 154 155 200
-8.21380 -0.97185 15 58 59 252 253
18.84195 -7.63381 12 146 154
-8.32658 1.28127 13 59 61 252 258
-5.90369 28.02514 73 74 300 304
-7.39460 25.86627 22 296 298 299
-0.58372 27.97320 19 79 306 307
-1.30778 28.03761 18 302 306 307
1.31694 25.72417 309 323 325 326
18.43576 6.92387 222 353 363 364
-7.33650 24.53520 17 72 299 301
1.31567 11.15040 54 272 356 358
55.21411 51.16724 331 334 335 336 404 406
70.57355 55.07033 434 437 441 446
75.28194 55.69528 439 447 448 458
81.97678 50.38986 117 453 456 471
59.23090 15.33015 125 547 548 561
83.15206 43.81464 106 449 472 473
80.60290 16.66046 123 511 525 532 534
81.80085 10.43444 513 514 516 522
44.16311 -14.63643 173 176 177 179
81.48250 -14.48497 140 144 145 599 627
23.54907 -7.55949 147 150 151 152
18.84098 -4.63898 154 200 201 207 208
42.26602 -10.59189 45 49 185 192 194
42.12759 -13.78615 38 39 172 176 195
42.40473 -12.74280 37 49 185 195
41.55324 -14.36437 37 41 172 175 176
57.61379 -13.80288 580 582 583 584
40.21582 -14.57422 8 39 174 175
50.69535 -14.30261 43 132 180 181
51.45442 -14.45075 42 132 134 181
44.26842 -7.64918 191 193
43.31792 -10.19250 36 192 194
55.12922 -2.50904 136 210 211 570
40.75520 -7.47997 5 197 198 199
55.45288 -0.24846 210 211 572 573
42.37561 -11.53087 36 38 185 194
48.45374 -14.48652 178 180 181 183
4.93529 2.12993 55 236 237 238
-2.55854 4.73819 56 266 267 269
3.07760 4.65800 228 233 365 368
1.33428 9.64962 23 272 354 361
5.99045 2.60916 51 238
-1.07510 4.72052 52 66 267 367
3.66374 1.18098 11 235 237 239 240
-6.75474 -1.09825 13 252 253
-9.39974 -0.18946 13 15 61 257 258
29.55081 -7.53798 157 158 159 160
-9.83489 -0.87345 15 59 258
-8.76305 4.71387 259 260 263
-7.41371 7.84485 64 65 256 278
-7.44864 6.85402 63 65 256 262
-7.40582 6.33810 63 64 262 263
-0.06636 4.76921 56 267 367 369
1.18546 16.93383 77 275 316 317 318
1.28550 22.88384 78 311 322 324
-7.32026 13.85290 70 274 284 285
-7.30704 14.50696 69 76 274 285
-4.13773 15.87957 276 279 290 314
-7.41601 23.41449 22 291 294 301
-6.80664 28.00851 16 74 297 298
-6.29650 27.96110 16 73 297 300
-7.32642 17.22483 76 280 287 288 289
-7.13770 15.78582 70 75 274 280 287
1.04284 17.54771 67 310 316 318
1.30535 23.75467 68 309 311 323
0.59242 27.81737 18 306 308 325 328
3.41625 28.07986 91 327 330
55.16224 24.05299 88 92 339 395
50.84246 16.73269 319 320 344
1.27504 13.66469 270 271 357 358
10.98258 4.20034 225 226 227 376
20.28791 2.76747 204 215 217 383
13.98245 4.21892 221 224 225 377
80.32585 25.03946 110 494 495 505
55.13793 22.54011 81 393 394 395
64.64903 15.59221 398 540 550 551
55.54607 31.61578 94 340 384 400
4.09337 28.09660 80 330
55.14963 25.52892 81 93 339 396
55.16536 26.77897 92 389 396 397
55.35944 30.96864 90 384 387 400
55.23752 35.32561 96 99 385 386
55.52508 36.05273 95 99 385 415
51.71258 50.73689 329 332 333
57.59997 55.31284 420 425 429 431
55.14698 36.71972 95 96 403 415
82.04080 41.58979 449 451 472 479
79.01122 55.73879 454 455 460 464
81.77246 55.08730 462 463 467 468 470
83.25312 21.58547 108 499 500 503
83.17642 33.44293 480 481 483 485
83.13017 37.68487 477 484 487 488
81.82197 44.24200 29 449 473 475
69.14393 15.38600 527 537 539 564
82.63067 20.88997 103 497 499 500
82.15772 23.53688 110 503 504 505
81.07214 23.99588 87 109 494 504 505
82.02606 31.03280 485 489 491 493
57.30907 14.95721 545 547 559 561
55.15984 13.85548 392 544 553 554
78.90595 16.25673 532 533 534 536
82.38605 16.08654 120 123 496 502 510 511
83.16658 -2.07093 119 142 608 613
83.14794 49.54157 27 456 471 474
73.57619 15.13421 399 526 528 529
83.15736 -3.57738 116 608 612 619
83.22934 15.35338 115 502 510 511 512
81.78253 5.91013 517 519 520 521
76.64591 15.34007 524 530 531 535
80.76461 15.72341 30 115 511 525 534
61.87678 15.54030 546 549 550 562
59.64543 15.67063 28 546 548 561
55.14215 1.98960 219 571 572 573
64.17965 -13.96224 133 588 590 592
55.42934 9.06797 552 555 556 558
53.95327 -13.98297 134 186 575 581
55.06902 -13.23872 566 574 575 579 581
55.10342 -10.00697 187 188 568 576
52.17315 -14.32178 42 43 134 186
64.90771 -13.97437 127 590 591 592
52.85702 -14.43764 43 129 132 186
68.86496 -13.97057 137 567 593 595
55.12485 -4.00860 46 209 569 570
69.98238 -14.05383 135 595 597 604
76.49508 -14.07045 141 600 605 606
73.90443 -13.93860 596 602 603 605
80.30271 -14.54435 33 143 145 601
77.12607 -13.93454 138 600 606 607
83.14792 -0.57070 116 609 613 614
79.06511 -14.36283 140 598 601 607
81.96356 -12.94339 33 599 625 626 627
80.85405 -14.13487 33 140 599 601
20.54832 -7.57316 12 14 147 154 155
22.04869 -7.56611 34 146 150 155
26.54990 -7.54767 149 152 156 157
27.30203 -7.15919 148 156 157 158
22.80491 -7.06419 34 147 151 155
24.30398 -7.09635 34 150 152 156
25.04947 -7.55333 34 148 151 156
20.12132 -2.00750 202 205 206 214
20.04779 -6.03937 12 14 35 146 200
21.30582 -7.03158 12 146 147 150
25.80302 -7.12802 148 149 151 152
28.05034 -7.54254 60 148 149 158
28.80101 -7.18980 60 149 157 160
31.05129 -7.53404 60 160 161 162 167
30.29996 -7.21981 60 158 159 161
31.61182 -7.12135 159 160 162 167 170
31.57196 -6.54091 159 161 167
34.32054 -7.21440 165 169 170 171
36.92399 -7.19120 6 7 168 169
35.04647 -7.43027 163 168 169 171
38.78948 -7.26482 5 6 7 197
32.23616 -7.53040 159 161 162 170 171
36.28994 -7.43500 7 164 165 169
35.75563 -7.23452 163 164 165 168
33.02316 -7.19856 161 163 167 171
33.67715 -7.54840 163 165 167 170
42.08200 -14.33615 37 39 175 176 177 195
44.81644 -14.39090 32 177 179 184
40.01389 -14.11384 8 41 175
40.89468 -14.62405 39 41 172 174
42.68867 -14.61478 32 37 39 172 177
43.40865 -14.38648 32 172 173 176
46.96701 -14.57485 50 179 183 184
45.65297 -14.59628 32 173 178 184
49.19760 -14.27162 42 50 181 183
49.95409 -14.46721 42 43 50 180
60.33838 -14.03196 583 585 586 587
47.65965 -14.34960 50 178 180 184
46.27032 -14.38399 173 178 179 183
42.23280 -12.07768 36 38 49 195
53.36192 -14.10469 129 132 134 575
55.08787 -11.34486 131 566 574 576
55.10474 -8.50801 131 189 568 577
55.10589 -7.00908 188 209 577 578
43.12980 -8.74824 192 193 194 196
43.71743 -7.30712 44 193 196 199
42.45558 -9.47042 36 45 190 194 196
42.94120 -7.55770 44 190 191 196 198 199
42.62182 -10.17307 36 45 49 190 192
42.39750 -13.27049 37 38 172 185
42.18641 -8.23298 190 191 192 193 199
40.13718 -7.23916 5 47 166 198
41.38531 -7.20970 47 193 197 199
41.99429 -7.27984 47 191 193 196 198
18.93677 -5.56673 12 35 154 207
18.35871 -3.84013 35 207 208
19.14856 -3.14586 153 206 207 208
17.90041 -0.50792 9 216
20.25833 1.92008 85 213 215 217
19.27692 -1.47471 9 153 206 214
20.19819 -2.85169 153 202 205 208
18.60986 -3.89722 35 200 201 202 208
20.03126 -4.09443 35 201 202 206 207
55.12044 -5.50817 136 189 569 578
55.13356 -1.00949 46 48 211 572
55.45631 -1.74888 46 48 210 570
55.44282 4.25285 219 379 380 571
20.05858 0.62858 9 204 214 215 216
20.22307 -0.86925 9 153 205 213 216
19.41317 1.57281 9 85 204 213
18.35243 0.38036 9 203 213 214
19.44983 3.29261 85 204 220 383
55.15477 6.48819 349 379 380 557
55.14639 3.48913 126 212 379 571
19.70586 4.78539 217 222 351 353 378 382 383
14.71737 4.53347 86 224 377 381
18.33807 5.00764 21 220 223 353 378 382 383
16.95443 4.23772 222 377 378 381
13.21737 4.52360 86 221 225 376
12.48252 4.20963 84 86 224 376
9.69898 4.04960 84 227 355 374
10.21736 4.50386 84 226 355 376
4.20823 4.65724 53 233 365 370
-3.50905 -1.21279 243 246 248 249 250 254
5.84128 4.57595 365 370 371 373
-1.69786 2.55991 232 241 244
-0.06093 2.29767 10 231 234 241 244
2.72126 4.63314 53 228 368 369
1.09526 2.12773 10 232 239 241
3.27625 2.28451 11 57 236 237
4.46604 1.69886 51 235 237 238
4.00098 2.13686 51 57 235 236
5.64503 2.13787 51 55 236
2.38219 -1.18149 10 11 57 234 240 242
3.58542 -0.92861 11 57 239
-1.17234 1.77029 231 232 234 244 245
2.70423 -1.99931 10 11 239
-4.21820 0.45203 229 247 251 254
-0.77629 -1.67720 231 232 241 245 249
-2.31146 1.42788 241 244 248 249
-3.50876 -1.98529 229 248 250 254
-5.57156 0.72018 243 251 252 253 255
-2.30981 -1.70584 229 245 246 249 254
-2.85237 0.81502 229 244 245 248
-4.18969 -1.84932 229 246
-4.96438 -0.03584 243 247 253 254 255
-6.99775 -0.20910 13 15 58 247 253
-6.63752 1.37207 13 58 247 251 252 255
-4.18145 -0.49732 229 243 246 248 251
-5.32753 1.56714 247 251 253
-7.44817 8.34687 63 64 278 282
-9.39810 1.92483 59 258
-9.73256 0.93224 15 59 61 257
-9.14054 4.70228 62 260
-7.78031 4.65078 62 259 261 262 263
-7.01397 4.78287 260 262 263 264 265
-7.44961 5.36116 64 65 260 261 263
-7.49269 4.85194 62 65 260 261 262 264
-6.12393 4.94028 261 263 265 268
-5.52795 4.76928 261 264 266 268
-4.04281 4.75442 52 265 268 269
-1.58192 4.80985 52 56 66 269
-4.61076 4.89548 264 265 266 269
-3.09675 4.85197 52 266 267 268
1.25603 13.32474 83 356 357 358
1.27431 15.16807 83 275 316 357
1.35053 10.73288 23 54 356 361
-1.85784 16.63654 290 314 315 317
-7.04303 15.10307 69 70 76 280
0.81909 15.47875 67 271 316 317 357
-4.85869 16.65418 71 279 287 314
-7.32867 10.87896 281 282 283 284
-7.35617 9.15662 63 256 282 283
-5.63523 15.95280 71 276 280 287
-7.18307 16.79471 75 76 274 279 287 289
-7.35166 11.96216 277 283 284 285
-7.36855 9.53278 256 277 278 283
-7.36286 10.46856 277 278 281 282
-7.34453 12.37801 69 277 281 285
-7.36702 13.46294 69 70 281 284
-7.36647 19.84178 288 292 293 295
-6.35916 16.66396 75 76 276 279 280
-7.33062 18.42339 75 286 289 293
-7.30181 18.10076 75 280 288 293
-2.64020 15.80571 71 273 314 315
-7.39217 22.82976 72 292 294 301
-7.38333 21.34183 286 291 294 295
-7.37655 19.04881 286 288 289 295
-7.40850 22.04832 72 291 292 295
-7.39252 20.54856 286 292 293 294
-7.43271 26.72602 17 297 298 299
-7.42017 27.75996 73 74 296 298
-7.27106 27.25535 17 73 296 297
-7.41171 25.22489 17 22 296 301
-5.39320 27.97604 16 74 303 304
-7.35583 24.20110 22 72 291 299
-2.38594 27.97953 19 303 305 307
-3.88959 27.97793 300 302 304 305
-4.46197 28.00954 16 300 303 305
-2.96587 28.01746 302 303 304 307
0.06877 28.02608 18 19 79 308
-1.69822 28.07548 18 19 302 305
1.25996 27.72892 79 306 325 326 327 328
1.34832 24.40132 20 78 311 323
1.28533 18.78539 77 312 318 321
1.34293 23.39679 68 78 309 322
1.32126 19.18148 310 313 318 321
1.26115 20.68589 312 321 322 324
-3.35826 16.64506 71 273 276 290
-1.14266 15.73128 273 290 316 317
0.62025 16.35784 67 77 271 275 315 317
-0.35745 16.62855 67 273 275 315 316
1.29539 18.18126 67 77 310 312
51.06967 17.13713 82 320 343 344
50.55695 16.74002 82 319
1.26380 20.25208 310 312 313 324
1.27130 22.15866 68 311 313 324
1.30937 25.17106 20 78 309 326
1.23669 21.76621 68 313 321 322
1.41199 27.15917 20 79 308 326 328
1.29063 26.66958 20 308 323 325
2.27615 28.02340 80 308 328 330
1.83543 28.04850 79 308 325 327 330
52.42949 50.65330 97 331 332 333
2.97567 28.12098 80 91 327 328
53.82138 50.66599 24 329 333 335
51.00362 51.12086 97 329
52.97937 51.21100 97 329 331 335
55.22716 52.77376 24 406 419 421
54.31072 51.46994 24 331 333 336 406
55.51999 50.29790 24 335 337 404 406
55.62943 49.13685 336 404 405 411
55.51169 42.44072 401 409 417 418
55.66549 24.73293 81 92 395 396
55.55897 33.09482 90 384 385 386
55.43834 19.23655 4 345 390 391
52.96761 16.61323 343 344 346 347
52.08220 16.71042 319 342 344 346
51.61801 18.04015 82 319 342 343
54.55551 18.78447 341 346 347 391 543
53.27966 18.29242 342 343 345 347 543
54.55069 17.32931 342 345 346 391 542 543
55.14366 11.27885 1 552 553 556
55.04754 7.59582 218 555 557 558
21.19069 6.22931 351 352
20.17498 6.52342 220 350 352 382
20.72591 6.48665 350 351 382
17.36876 5.68567 21 220 222 363 364 378
1.25371 8.23327 54 359 361 362
9.18150 4.31391 226 227 372 374
1.35174 11.82897 23 270 272 358
1.24337 14.81804 83 270 271 275
1.29916 12.16908 23 83 270 356
1.07290 6.84275 354 360 362 366
0.82822 5.43003 359 366 367 368 369
1.36150 9.23951 54 272 354 362
1.29257 7.76473 354 359 361 366
17.39564 7.04270 21 353 364
19.06459 7.31957 21 353 363
4.58861 4.69077 53 228 230 370
1.19597 6.20234 359 360 362 369
0.40757 4.70134 56 66 360 368 369
1.76454 4.79117 53 233 360 367 369
1.28924 4.83523 66 233 360 366 367 368
5.42322 4.57599 228 230 365 371
6.37918 4.66039 230 370 373 375
8.24224 4.54921 355 373 374 375
6.91901 4.63014 230 371 372 375
8.77241 4.58061 226 355 372 375
7.31551 4.64951 371 372 373 374
11.71736 4.51373 84 224 225 227
15.48239 4.22821 86 221 223 381
17.83013 4.10266 220 222 223 353 381
55.15060 4.98867 212 218 219 380
55.43953 5.75330 212 218 379 557
16.20742 4.54898 221 223 377 378
20.26543 5.80231 220 222 351 352 383
20.37456 4.04364 85 217 220 222 382
55.31146 32.45953 90 94 340 386
55.54160 34.54843 95 96 340 386
55.28576 33.83118 95 340 384 385
55.40681 29.47811 94 388 389 400
55.59553 28.59924 387 389 397 400
55.37113 28.03531 93 387 388 397
55.12390 20.00870 4 341 391 394
55.51798 18.38998 341 345 347 390
55.50334 14.27805 113 544 554 560
55.58267 21.82288 4 88 394 395
55.13892 21.23385 4 88 390 393
55.59247 23.24768 81 88 339 393
55.58911 26.17284 92 93 339 397
55.55685 27.30389 93 388 389 396
65.23441 15.30699 89 540 541 551
72.27899 15.16773 118 528 538 565
55.57050 30.10769 90 94 387 388
55.51697 40.94100 338 402 414 417
55.52224 39.44128 401 403 414 416
55.52752 37.94156 99 402 415 416
55.19098 49.59714 24 336 337 411
55.16807 47.64988 337 407 411 412
55.51475 51.99580 24 334 335 336 419
55.17443 46.14962 405 410 412 413
62.70262 55.63074 2 423 426 432
55.50642 43.94045 338 410 413 418
55.18079 44.64937 407 409 413 418
55.49060 48.43962 337 404 405 412
55.49587 46.93989 405 407 411 413
55.50115 45.44017 407 409 410 412
55.19985 40.14861 401 402 416 417
55.09219 37.39813 96 99 403 416
55.20620 38.64835 402 403 414 415
55.19349 41.64886 338 401 414 418
55.18714 43.14912 338 409 410 417
55.56156 53.48776 334 406 421 428
56.39098 54.79214 98 421 428 429 430
55.38325 54.26999 334 419 420 428 430
59.30965 55.29326 425 427 431 433
64.19733 55.66183 2 408 424 435
64.77971 55.18223 2 423 435 443
58.24403 55.09210 98 422 429 431
61.98312 55.08231 2 408 432 433
60.02135 55.67755 422 431 432 433
55.63244 54.95667 419 420 421 429 430
56.95157 55.32034 98 420 425 428
55.49696 55.63346 420 421 428
58.66818 55.53620 98 422 425 427
61.24943 55.60099 408 426 427 433
60.60786 55.14670 422 426 427 432
69.37914 55.18262 25 437 440 445
65.45483 55.71114 423 424 436 443
66.74785 55.03476 435 443 444 445
70.05935 55.71763 25 434 440 441
72.99059 55.09642 439 442 446 447
73.78032 55.68602 26 438 442 447
68.68449 55.67593 434 437 444 445
71.23848 55.76272 25 437 442 446
72.32506 55.64434 438 439 441 446
65.89586 55.06727 424 435 436 444
67.43964 55.66181 436 440 443 445
68.11671 54.98805 434 436 440 444
71.58958 54.91387 25 438 441 442
74.46724 55.17059 26 438 439 448
75.96559 55.17235 26 447 458 459
82.01482 43.06493 29 100 106 472
81.91568 46.08859 452 473 475 476
82.00759 40.16635 100 477 478 479
82.00283 47.39867 450 456 474 476
81.94184 51.74351 27 465 469 471
79.60687 55.56688 101 460 461 464
78.02811 55.43597 101 457 458 459 460
81.98130 48.89846 27 117 452 474
78.45293 54.78908 455 459 460
76.69950 54.99949 26 448 455 459
77.16864 55.67002 448 455 457 458 460
78.45277 55.92273 101 454 455 457 459
80.30934 56.09933 454 463 464 467
83.15246 54.81841 102 463 466 468
82.02919 56.14070 102 461 462 467 470
79.90596 55.60194 101 454 461 467
83.09073 52.38945 453 466 469 471
81.96176 53.61340 462 465 468 469
81.04775 56.61591 102 461 463 464 470
83.21980 53.86647 102 462 466 469
81.82550 52.81573 453 465 466 468
82.91168 56.71668 102 463 467
83.14669 51.00812 27 117 453 465
83.16675 42.34726 29 100 449 479
81.84232 44.99198 29 106 450 475
83.17056 48.04168 117 452 456 476
83.20737 45.32123 106 450 473 476
83.19905 46.58039 450 452 474 475
81.85024 38.97813 105 451 478 488
83.12390 39.40550 451 477 479 488
83.16350 40.84128 100 451 472 478
81.84830 32.94481 104 481 485 489
81.97125 34.11919 104 480 483 486
83.23139 27.00093 492 494 506 507
83.15921 34.81066 104 481 486 487
81.98656 36.87278 105 486 487 488
81.76638 32.20255 104 111 480 489
82.07364 35.53184 481 483 484 487
83.15743 36.31848 105 483 484 486
81.95389 38.12615 105 477 478 484
83.15337 31.90284 111 480 485 493
81.98765 29.35864 491 492 493 506
83.28781 29.65481 111 490 493 506
82.02489 27.88482 482 490 506 507
83.26306 30.53042 111 489 490 491
83.14825 25.86825 87 110 482 505 507
80.52500 26.01167 87 505
82.34950 17.79270 115 498 501 502
82.49339 19.38873 108 498 499 501
83.34820 18.96919 496 497 499 501
83.22899 20.15119 103 108 497 498
82.73583 22.25449 103 108 503 504
83.26881 18.30421 496 497 498 502
83.14143 17.04500 115 120 496 501 511
83.20549 22.96810 103 109 500 504
83.33076 23.89393 109 110 500 503
81.74662 25.35595 87 109 110 494 495 507
83.15238 28.39786 482 490 491 492
81.91203 26.73203 482 492 494 505
81.99069 12.30328 512 514 515 516
83.16463 8.47518 513 517 522 523
83.10591 14.30243 115 120 512 515
81.30388 14.95117 30 115 120 123 502 525
81.98850 13.68076 120 508 510 515
83.15483 9.98213 31 509 514 522
81.85074 11.16980 31 508 513 516
83.07697 12.90017 508 510 512 516
83.17087 11.50297 31 508 514 515
83.15101 7.07842 121 509 521 523
83.17370 3.98132 519 520 615 618
82.06078 4.69919 121 518 520 615
83.14771 5.48070 121 518 519 521
81.89265 6.64786 121 517 520 523
82.06292 9.19928 31 509 513 523
82.02754 7.81781 509 517 521 522
77.66439 15.64045 122 530 533 536
80.32779 15.13336 30 123 511
74.75628 15.13623 118 529 531 535
70.48125 15.20730 107 537 538 565
73.12872 15.35523 118 399 529 565
74.10064 15.37656 118 526 528 535
77.05886 15.67253 122 524 531 536
76.14280 14.95434 122 526 530 535
79.62476 16.10603 30 114 533 534
78.47993 15.96274 114 524 532 536
79.97046 16.42787 30 114 123 532
75.55529 15.40259 122 526 529 531
77.99833 15.88940 114 524 530 533
69.98164 15.50079 107 527 538 539
71.13448 15.34638 399 527 537 565
68.55602 15.54689 107 537 563 564
66.10474 15.36987 89 398 541 563
66.63056 15.01089 398 540 563 564
55.55739 16.25881 347 543 544 559 560
54.76225 16.28604 345 346 347 542 560
55.24895 14.91843 113 392 542 559 560
56.74864 15.51482 112 547 559 560
60.60520 15.65890 124 125 548 549
57.85965 15.56225 28 112 545 561
60.10637 15.54858 28 125 546 549
61.07186 15.39057 124 546 548 562
63.39965 15.57829 89 124 551 562
64.01340 15.36615 89 398 550 562
55.17758 9.78183 128 348 555 556
55.17623 12.79804 1 113 348 554
55.41126 13.40447 1 113 392 553
55.10394 8.45682 128 349 552 558
55.37053 10.56909 1 128 348 552
55.55115 7.05861 218 349 380 558
55.56751 7.92541 128 349 555 557
56.22192 14.98820 112 542 544 545 560
55.56574 15.62312 392 542 543 544 545 559
58.53810 15.13443 28 112 125 547
62.61065 15.28794 124 549 550 551
67.17770 15.32963 539 540 541 564
68.06400 15.26418 107 539 541 563
71.65386 14.99609 399 527 528 538
55.49257 -12.00367 130 187 574 576
68.28027 -13.77601 135 593 594 595
55.45112 -9.24719 131 188 576 577
55.46325 -4.74972 136 209 570 578
55.45976 -3.24930 46 136 211 569
55.44614 2.75241 126 212 219 573
55.13787 0.49006 48 126 210 573
55.44949 1.25197 48 126 571 572
55.54632 -12.70922 130 187 566 581
54.58262 -14.30919 129 130 186 579 581
55.48224 -10.68417 131 187 566 568
55.43441 -7.74630 188 189 568 578
55.44629 -6.25685 189 209 569 577
55.85836 -13.94966 130 575 580 581 582
56.83744 -13.85473 40 579 582 584
55.18548 -13.95605 129 130 574 575 579 582
56.27170 -13.76537 40 579 580 581
58.88434 -13.83296 40 182 584 585
57.99220 -13.86630 40 580 583 585
59.27737 -13.86905 182 583 584 587
61.75368 -13.96892 182 587 588 589
60.51327 -14.01807 182 585 586 589
63.17860 -13.92003 127 586 589 590
62.08364 -13.91551 586 587 588 590
63.61309 -13.83315 127 133 588 589
66.32700 -13.95932 133 592 593 594
65.21491 -14.04230 127 133 591 594
67.77432 -13.88049 135 567 591 594
66.76473 -14.00959 567 591 592 593
69.48715 -13.90695 135 137 567 604
74.48999 -14.09442 139 603 605 606
71.50373 -14.02503 137 602 603 604
78.91217 -13.82136 143 600 601 607
82.35472 -13.96580 33 144 145 626 627
77.75910 -14.16588 138 141 598 607
79.74179 -14.09130 140 143 145 598
72.36601 -13.87637 139 597 603 604
73.01695 -14.02476 139 596 597 602
70.87710 -13.94125 137 595 597 602
75.07358 -13.87901 138 139 596 606
75.62679 -13.91314 138 141 596 605
78.32202 -13.92804 141 143 598 600
81.99725 -2.78340 116 119 612 613
81.99624 0.20859 142 613 614 617
81.96545 -7.10453 611 620 621 624
81.95942 -5.71127 610 612 619 620
81.99670 -4.29068 119 608 611 619
82.01109 -1.28692 116 142 608 609
83.21688 0.80925 142 609 616 617
82.06855 3.23413 518 519 616 618
83.28313 2.03169 614 615 617 618
82.00815 1.62455 609 614 616 618
83.38891 2.78385 518 615 616 617
83.14089 -5.07286 119 611 612 620
83.14661 -6.50725 610 611 619 624
81.99171 -8.58447 3 610 623 624
83.18198 -10.94996 3 623 625 626
83.17109 -9.47717 3 621 622 624
83.15691 -7.97866 610 620 621 623
81.99097 -11.51315 3 144 622 626
83.17130 -12.45275 144 599 622 625
83.27054 -14.43341 33 144 599
