Sun_Mar__9_17:57:38_2014
27.8934324176 -10.0502747625 71.9601677142 13.8039145016 19.6149806126 9.16974612893 29.2271400378 -11.4122276936 21.6204644849 10.3027526411 67.5368451296 13.9478075943 71.6841904273 10.0056047551 69.9373399969 14.8172427525 30.1823666459 -9.47736657825 69.1545440964 12.7371513724 27.9429846258 -10.3975263021 18.7100209807 10.7815782666 32.2213129453 -9.50895673623 31.3543789455 -7.54023538794 20.0406527047 11.3374093868
30.4257551462 -9.8074294041 69.4911314912 14.2439998478 20.2587447957 11.1761304209 68.9347419238 11.8233766759 70.7915096771 13.955411701 21.583214891 10.3864823898 19.6959875898 11.6504840394 17.8583454252 10.6572331229 18.8600718495 10.8194656185 20.3779228182 9.94877727962 70.247483463 12.7657738562 32.1410055065 -11.6932848047 31.614124532 -11.4138902485 30.3529129399 -10.4562505897 31.6888283814 -9.80356946336
29.1581643195 -11.5827761896 69.4588631969 10.1122854577 21.4756600597 10.3074683274 31.9347620769 -9.2574793808 31.2139755381 -11.9601216695 70.6169642254 12.9204033918 31.6042009626 -10.4046811156 30.6960195387 -7.52584132905 70.7802673378 13.5315629556 28.3475932191 -8.96342651964 70.7874579924 12.1415990027 21.1916797299 10.0006436218 28.4929917063 -8.84891810904 70.0701315374 11.184914179 70.8299769479 13.3844717217
31.5775427721 -7.71367930231 70.5346011629 11.0902891695 19.5740714402 8.65636539552 71.2124309899 11.1569682513 68.8074795712 10.0693090251 22.2844768002 12.3182262678 32.3011167231 -9.8638774262 71.0914467591 10.0244887205 69.927288473 13.6553268454 68.5649701506 14.9686328274 30.3939157223 -8.54202335986 70.118245466 10.5514326601 18.725217172 8.66286609021 29.9248718583 -8.74514989062 29.1129636696 -8.69844657111
31.859228391 -9.23462888073 68.3020668794 12.2667363292 18.896944756 10.6142830389 29.4011555251 -11.849472925 21.6535558426 8.91118238343 69.8429574929 13.7265676086 71.7302207109 12.8688063707 19.2959666281 8.45528728836 22.2535730011 9.17538146153 18.6894086402 9.35949565948 67.8310322969 11.7575519862 28.4590730275 -11.1133076873 29.9464257264 -7.64164404434 71.303629856 12.620934513 18.0072972336 11.3410242399
28.1477071473 -10.6697971614 72.2205745909 13.8134821665 18.8079776692 12.0635879832 29.7682820836 -10.576060928 29.8898915493 -9.32537977887 19.0228226075 12.0244764726 70.2516824467 13.8160025023 27.5525979192 -11.9417027341 20.5051074233 9.90873367173 67.8846836694 12.3131696877 19.8167214212 12.3805388597 18.1650884294 7.63919586398 32.1282450343 -10.4964755801 72.1602410136 14.0634860944 31.0634072472 -10.1786352813
31.1317820455 -8.8732542122 69.7491622113 12.444795098 22.0005864214 8.4935137671 67.6541393646 14.0638249494 22.3068068905 9.87543447037 21.1484598168 11.6313071989 28.0509459046 -7.98409132045 29.1678362709 -7.66254262985 18.7543612181 12.3997258024 70.5132228891 13.5631160481 22.0820543197 11.0388032162 22.1573209324 12.2512281711 70.3083623375 14.0744811497 70.8338333517 11.7411326294 31.4584196333 -9.68022538418
32.3496863742 -7.6822317996 70.7424829019 13.085661898 19.0807063784 7.76492019736 18.4381633798 8.97329521758 17.6856475034 12.1593206642 21.4195892645 10.0571651336 18.2204106536 10.212236413 21.4255083278 9.67903724451 22.3570767261 10.155718606 27.5748833297 -10.1576575712 32.1953037876 -11.7534461289 28.5531462257 -8.57493410869 28.7960884375 -12.3430883036 30.8865307857 -10.0724180885 29.4268596142 -10.7335424307
29.6932728108 -9.21927966799 71.6086611497 11.2924399184 20.9095904441 11.8227144898 72.3644446116 11.3119280617 17.9807491517 9.80664087484 29.9010604423 -7.64721046146 17.6207310127 9.95814991794 71.0511509363 11.577615684 31.6548260528 -9.55479330193 18.9845089721 8.71458866435 29.5723746552 -8.91818519521 18.2348869548 10.0223444583 72.2606632459 12.1513555568 71.6944225343 10.5375952147 22.3220352022 7.70521273749
31.7877756933 -11.6772426307 67.6449173397 11.030778408 18.9396191351 10.0331484813 32.0873778522 -10.3123127734 68.2958570121 12.848803167 21.2899958641 7.83994439284 29.8264139393 -11.1474782255 19.7357988089 12.0408716165 67.5066771435 11.0396282052 30.2070416654 -9.97788350595 21.4502690662 8.07693122351 68.327033033 13.9099285471 17.504862987 10.1783290447 68.0460243586 12.3266466098 29.3016590284 -8.85082028991
27.6087866559 -8.63284289163 69.0434913559 14.3301209033 20.1999981991 9.9668337129 21.9651635852 11.4561772204 69.7023574089 10.1497359855 69.794934125 12.5410367721 72.4504673968 11.4861519528 29.3902621234 -8.09051578901 72.4618425512 14.5201489916 29.6921337089 -12.3584937616 30.9585479995 -8.5022758957 17.5795749814 8.93909662913 30.1338953885 -9.01453918852 68.1617690745 13.0534607158 20.798493399 7.54046485094
32.2952687426 -10.8541410093 71.406211696 12.4768647582 22.484567113 10.1643568274 21.6130480978 11.8284125526 22.4552883511 8.18966858599 70.8813338966 13.9198939065 30.7473151793 -8.66654192321 69.9809124716 14.7219916079 22.0494061795 12.0281081051 30.5533378002 -11.0190100208 17.6953746563 12.2557064281 21.5990566613 11.5981177473 17.7518207244 8.86995266476 29.4016734806 -11.0064237702 71.8929844564 10.016639369
29.295893632 -12.1713213681 71.1724066323 10.3039807625 19.1777987856 11.2334979835 70.5669159183 14.832528137 20.2127594709 10.8054529652 68.0464836264 13.8505108455 30.4893064684 -11.8239242763 32.098413829 -11.3358067514 19.5983389909 10.5792144468 27.7998456741 -10.4807721626 70.6176988283 11.9513140231 19.9057398653 11.3948217599 28.9230311967 -8.18614056201 71.5359876785 13.4980860168 70.6570524619 11.7761212396
30.3961460226 -10.7509998322 71.7012384085 11.3964322544 18.6988417973 12.1511166051 71.2199975468 13.254374988 30.1716876463 -7.55899695863 18.076957628 8.81064711898 68.9040309098 10.6112966234 69.3416607054 14.5518380351 29.8939973398 -10.2988553658 68.1302450342 14.6965548186 68.2692154049 12.448720129 18.0326110227 10.4980415115 71.4668037626 10.0843199388 68.8765796741 13.3919400261 69.6848080803 14.0944695493
31.414582589 -9.50646706267 68.6471519647 12.0044807264 20.6444274338 11.0715133018 19.6017085231 7.69361110083 30.798982651 -7.64529324176 17.7668690845 8.22867657896 70.9269658106 14.5087335149 68.4739419837 12.5628801681 29.4633963271 -7.74894857255 68.3268813889 11.1932141763 20.3360138471 11.2551333558 67.6373612164 11.5725302338 30.30779872 -10.7732896007 31.8513554544 -10.5596282337 70.1959998932 12.0563298599
31.8669980132 -9.81649255552 68.8157740778 10.9688731269 18.626225612 8.79028118091 32.3454160228 -10.2295561607 69.9052263103 10.9136102064 70.2632552062 14.9343581449 19.4811189124 8.55547224477 68.66518802 12.9866339575 28.7966318216 -11.615128773 69.0273124917 11.8127693966 70.6698912331 11.6234859488 28.8773695798 -12.3674171178 69.2547904429 14.5435787035 70.6468554914 13.5762488805 29.8563742365 -10.8092362727
28.006514664 -8.26883782937 70.271555456 12.3080919945 19.6445863173 9.55717255294 69.7945374174 10.1235490281 29.5559196702 -11.6211039884 19.49210928 8.32392631149 20.0740933905 11.0967203849 31.8972842185 -8.8488400822 20.370653788 8.21052106049 69.3772950786 14.9904665651 19.1133983143 10.140558199 68.6114380185 13.720299234 72.0070525749 13.973314211 71.551274154 13.5075221408 18.2004667773 8.14032446108
28.9335137582 -10.0404930833 71.7872684653 13.4411247804 22.0237270325 11.0457464018 29.5536752798 -10.8715166108 19.1787764232 8.23201365447 71.4260063697 13.7236675762 29.3575085031 -10.5358592988 70.5659767586 14.7958793874 67.5426313792 13.4079872935 28.429893693 -11.4027746914 30.203475794 -7.50785939804 19.4862880869 9.07844495787 32.3227407735 -11.6501819032 28.8216283474 -9.10066276864 67.9569417058 11.4039345682
30.6111487269 -10.0506393267 70.2421159653 13.374471629 20.5314231615 8.84362983448 17.991240624 12.389378016 29.323229853 -11.0405833177 31.305426685 -7.84803902872 28.1495812566 -8.599553396 18.0828812044 9.72836088211 22.2651215043 9.53655382598 71.455901148 13.1774633148 70.2173258161 11.0093766827 18.2291415751 8.49134653262 17.897535766 11.1062728078 72.1403660815 10.2217976795 18.4881568566 9.64994143687
27.8530004496 -8.31491069133 71.4317889436 14.9992740402 18.9963469736 11.6026023168 20.1122170882 10.6815654065 29.8709412641 -7.97069624762 28.0048492154 -11.6500955452 70.9913622727 14.9467926164 72.4238310043 10.8131704934 18.4901100994 10.6607162331 19.9736793238 11.7780551393 21.8480906379 11.5462141372 18.3806380551 10.9059982814 68.7165627203 12.2212456791 20.6596400107 8.93419520658 72.3258471466 14.5940553394
27.8365640264 -12.0309534587 70.9717561825 12.8761539942 18.5006262508 12.4351899634 19.9539684839 9.48251636115 67.6953710603 13.6202337157 20.6558815641 7.57013117884 32.1091940923 -10.8833810283 20.0106371587 8.45028149652 28.5593186005 -11.0648110938 30.9036865262 -10.0111021539 71.0894812618 11.2049483829 32.0933899224 -7.94567569685 68.590938557 11.0163492856 19.6336647812 9.38118910739 21.8080943496 10.2207284225
29.6154787162 -8.39745152381 70.5503088353 11.8793418306 19.0424572761 9.55877630749 19.7388235128 12.1751345698 19.0471092443 11.6693596477 71.756773563 12.2285606914 18.317649527 10.9295965327 69.6448811903 10.5736373971 30.8550654468 -11.5591134369 31.346080741 -8.4361659373 29.6062922674 -10.6366087222 28.2096355553 -10.4904595164 68.3426545283 13.2786360219 29.1427743011 -7.65409463002 28.9282144373 -8.80154813639
29.4902777869 -10.6851922756 71.0515225987 10.0407737632 21.9361791578 11.8280105678 29.6012126991 -8.91296101814 21.760398378 11.1933527762 69.9040583552 10.1900537015 69.5943847229 13.5582141823 29.4875194732 -9.99483404043 17.8726721655 12.4394472061 29.6280981402 -12.1999596674 21.7054488633 12.2540091834 21.8280549784 12.2565795417 29.7942129846 -11.2907981577 69.8273450884 12.855684988 70.1158940701 14.8624997835
31.625079677 -10.4247743033 72.3834682617 11.8663027166 19.1869270217 12.090559932 19.5293773978 12.3855871044 28.780361116 -10.8282531475 71.955189395 12.3945364193 29.3676118221 -8.00038421632 28.7152066886 -9.82818760259 22.2546740431 8.89778715839 71.062670589 11.9938999966 28.88878648 -11.618098551 28.4263438566 -7.87533634012 71.0221295794 12.0120726787 70.7047237295 14.4760893798 22.0302711355 12.3348870566
30.9001101624 -9.89273988202 71.6562607852 11.7595458806 21.428211325 10.4028296475 32.0799347385 -10.6174101894 72.3110980193 11.3320048992 70.3634480519 13.6383283515 22.1046562391 8.5383776763 19.7086313983 9.9604734081 67.5592029245 11.6880907312 18.1795726153 10.5318690334 32.3048209715 -11.9125864514 31.4734727943 -11.9356464065 69.3719527224 11.9293174266 21.6790561547 9.50329295655 69.7122062161 13.6441673502
