30.2187107544 -7.89413240815 69.1343437968 14.1086483738 17.9172636378 12.250536704
30.948267296 -9.60457022553 68.7962244318 11.1008928867 19.8250587092 10.270089617
28.0747921121 -12.1200750464 68.0817947677 13.3488104828 17.5016308587 11.6466703989
29.0132247721 -7.69083699661 68.8509890343 14.8169331319 21.2009625074 11.9455757851
30.1708070178 -9.8572533444 68.2772872421 10.4032711847 18.5071066817 12.2923210587
29.1372714575 -9.57137275032 72.4365171391 10.6855928163 21.067658431 10.3003371029
27.5974170234 -9.72012201228 71.1632590662 12.278424805 21.5177472856 8.58864323737
31.8356799492 -11.7308677365 70.2237066857 13.2967497701 18.5247669688 12.2098854947
30.801669476 -8.51656637231 69.0630351126 14.6181358979 20.0347962846 8.30684744624
31.3004460165 -7.95994920991 67.6035028113 11.0033079822 21.7872550248 10.3608469636
