===
-10.975   5.245
-10.925   5.245
-10.875   5.295
-10.875   5.395
 -8.125   5.395
 -8.075   5.445
 -8.075  10.295
 -8.025  10.345
 -7.975  10.345
 -7.925  10.395
 -8.025  10.495
 -8.075  10.495
 -8.125  10.545
 -8.175  10.545
 -8.175  11.245
 -8.125  11.245
 -8.075  11.295
 -8.075  11.695
 -8.125  11.745
 -8.175  11.745
 -8.175  12.495
 -8.125  12.495
 -8.075  12.545
 -8.075  20.195
 -8.175  20.295
 -8.175  20.995
 -8.125  20.995
 -8.075  21.045
 -8.075  21.445
 -8.175  21.545
 -8.175  21.645
 -8.125  21.695
 -8.125  21.745
 -8.175  21.795
 -8.175  22.245
 -8.125  22.245
 -8.075  22.295
 -8.075  24.545
 -8.125  24.595
 -8.125  24.745
 -8.075  24.795
 -8.125  24.845
 -8.075  24.895
 -8.075  24.995
 -8.125  25.045
 -8.075  25.095
 -8.075  25.195
 -8.125  25.245
 -8.075  25.295
 -8.075  27.245
 -8.125  27.295
 -8.225  27.295
 -8.225  27.545
 -8.275  27.595
 -8.275  28.445
 -8.225  28.495
 -8.225  28.695
 -8.175  28.695
 -8.125  28.745
 -6.675  28.745
 -6.625  28.695
 -6.275  28.695
 -6.225  28.745
 -5.925  28.745
 -5.875  28.695
 -5.825  28.745
 -5.775  28.745
 -5.725  28.795
 -5.075  28.795
 -5.025  28.745
 -1.075  28.745
 -1.025  28.695
 -0.975  28.745
  1.225  28.745
  1.275  28.695
  2.525  28.695
  2.575  28.745
  4.575  28.745
  4.625  28.695
  4.675  28.745
  4.875  28.745
  4.925  28.695
  5.275  28.695
  5.275  28.645
  5.375  28.545
  5.525  28.545
  5.575  28.495
  5.575  27.545
  5.375  27.545
  5.275  27.445
  5.275  27.345
  2.225  27.345
  2.175  27.395
  2.075  27.395
  1.975  27.295
  1.975  27.195
  2.025  27.145
  2.025  22.645
  1.975  22.595
  2.025  22.545
  1.975  22.495
  1.975  22.445
  1.875  22.345
  1.875  22.295
  1.925  22.245
  1.975  22.245
  2.025  22.195
  2.075  22.195
  2.075  21.545
  1.975  21.445
  2.025  21.395
  2.025  21.245
  1.975  21.195
  1.975  21.095
  2.025  21.045
  2.025  20.995
  2.075  20.945
  2.075  20.295
  1.975  20.195
  1.975  20.095
  2.025  20.045
  2.025  19.795
  1.975  19.745
  1.975  19.545
  2.025  19.495
  2.025  19.195
  1.975  19.145
  1.975  19.095
  2.025  19.045
  2.025  16.495
  1.975  16.445
  1.975  16.345
  2.025  16.295
  2.025  16.045
  1.975  15.995
  1.975  15.845
  1.925  15.795
  1.975  15.745
  1.975  15.595
  1.925  15.545
  1.925  15.495
  1.975  15.445
  1.925  15.395
  1.975  15.345
  1.975  14.745
  2.025  14.695
  2.025  13.945
  1.975  13.895
  1.975  13.745
  1.925  13.695
  1.925  13.645
  2.025  13.545
  1.975  13.595
  1.925  13.545
  1.925  13.445
  1.975  13.395
  2.025  13.395
  2.025  12.695
  1.975  12.645
  1.975  12.545
  2.025  12.495
  2.075  12.495
  2.075  11.795
  1.975  11.695
  1.975  11.645
  2.025  11.595
  2.025  11.295
  2.075  11.245
  2.075  10.545
  2.025  10.495
  2.025   5.445
  2.125   5.345
  2.175   5.395
  2.225   5.395
  2.325   5.295
  2.425   5.395
  5.425   5.395
  5.475   5.445
  6.225   5.445
  6.225   5.345
  6.275   5.295
  6.375   5.395
  7.125   5.395
  7.225   5.295
  7.425   5.295
  7.475   5.245
  7.675   5.245
  7.725   5.195
  7.825   5.195
  7.875   5.245
  7.875   5.295
  7.775   5.395
  7.725   5.345
  7.625   5.345
  7.575   5.395
  7.375   5.395
  7.325   5.445
  7.275   5.445
  7.975   5.445
  7.975   5.395
  8.025   5.345
  8.225   5.345
  8.325   5.445
  9.025   5.445
  9.075   5.395
  9.125   5.445
 16.525   5.445
 16.575   5.495
 16.525   5.545
 16.525   6.595
 16.475   6.645
 16.175   6.645
 16.175   7.445
 16.225   7.495
 16.475   7.495
 16.525   7.545
 16.475   7.595
 16.475   8.095
 16.575   8.095
 16.625   8.045
 16.675   8.095
 18.375   8.095
 18.475   8.195
 18.575   8.195
 18.625   8.145
 18.675   8.195
 18.825   8.195
 18.825   8.145
 18.925   8.045
 18.975   8.045
 19.025   8.095
 19.525   8.095
 19.575   8.145
 19.725   8.145
 19.775   8.095
 19.775   7.345
 19.875   7.245
 19.925   7.295
 21.925   7.295
 21.975   7.245
 21.975   6.795
 21.925   6.745
 21.925   5.545
 21.975   5.495
 21.225   5.495
 21.175   5.545
 21.125   5.545
 21.025   5.445
 21.025   4.345
 21.075   4.295
 21.125   4.295
 21.175   4.245
 21.325   4.245
 21.375   4.195
 21.425   4.195
 21.375   4.145
 21.425   4.095
 21.425   3.245
 21.225   3.245
 21.175   3.195
 21.075   3.195
 21.025   3.145
 21.025   1.595
 21.075   1.545
 21.425   1.545
 21.425   0.595
 21.075   0.595
 21.025   0.545
 21.025  -0.705
 21.075  -0.755
 21.075  -3.005
 21.025  -3.055
 21.075  -3.105
 21.075  -6.305
 21.125  -6.355
 31.125  -6.355
 31.175  -6.305
 31.125  -6.255
 31.125  -5.405
 31.225  -5.305
 31.425  -5.305
 31.425  -5.355
 31.475  -5.405
 32.475  -5.405
 32.475  -6.305
 32.525  -6.355
 35.575  -6.355
 35.575  -6.405
 35.675  -6.505
 35.775  -6.405
 35.775  -6.355
 35.725  -6.305
 35.775  -6.305
 35.825  -6.355
 36.525  -6.355
 36.525  -6.405
 36.575  -6.455
 36.625  -6.455
 36.675  -6.405
 36.675  -6.355
 37.725  -6.355
 37.725  -6.405
 37.775  -6.455
 37.825  -6.455
 37.875  -6.405
 37.875  -6.355
 38.975  -6.355
 38.975  -6.405
 39.025  -6.455
 39.125  -6.355
 40.175  -6.355
 40.225  -6.405
 40.325  -6.405
 40.375  -6.355
 41.075  -6.355
 41.175  -6.455
 41.225  -6.405
 44.025  -6.405
 44.075  -6.355
 44.975  -6.355
 45.025  -6.405
 45.025  -8.305
 44.975  -8.355
 44.975  -8.405
 44.925  -8.455
 44.925  -8.505
 44.125  -8.505
 44.075  -8.555
 44.075 -10.105
 44.125 -10.155
 44.125 -10.905
 43.175 -10.905
 43.125 -10.955
 43.125 -11.005
 43.175 -11.055
 43.175 -11.455
 43.125 -11.505
 43.125 -12.405
 43.175 -12.455
 43.175 -12.555
 43.275 -12.655
 43.275 -13.505
 43.325 -13.555
 46.425 -13.555
 46.475 -13.605
 46.525 -13.605
 46.575 -13.555
 46.575 -13.505
 46.525 -13.455
 46.525 -13.405
 46.475 -13.355
 46.525 -13.405
 46.625 -13.305
 46.575 -13.255
 46.625 -13.305
 46.675 -13.305
 46.725 -13.355
 46.775 -13.305
 49.575 -13.305
 49.525 -13.355
 49.525 -13.405
 49.575 -13.455
 49.625 -13.455
 49.625 -13.505
 49.675 -13.555
 52.375 -13.555
 52.425 -13.505
 52.425 -13.455
 52.375 -13.405
 52.475 -13.405
 52.575 -13.305
 52.575 -13.255
 52.475 -13.155
 54.125 -13.155
 54.175 -13.205
 54.225 -13.205
 54.275 -13.155
 54.275 -13.105
 54.325 -13.055
 54.325 -13.005
 54.275 -12.955
 54.325 -12.905
 54.275 -12.855
 54.275 -12.455
 54.325 -12.405
 54.275 -12.355
 54.275 -12.055
 54.325 -12.005
 54.275 -11.955
 54.325 -11.905
 54.275 -11.855
 54.275 -11.055
 54.325 -11.005
 54.275 -10.955
 54.275 -10.805
 54.325 -10.755
 54.325  -6.605
 54.225  -6.505
 54.225  -5.755
 54.325  -5.655
 54.325  -2.105
 54.275  -2.055
 54.225  -2.055
 54.225  -1.255
 54.325  -1.155
 54.325   2.445
 54.275   2.495
 54.225   2.495
 54.225   3.295
 54.275   3.295
 54.325   3.345
 54.325   6.945
 54.225   7.045
 54.225   7.845
 54.275   7.845
 54.325   7.895
 54.325   8.595
 54.375   8.645
 54.325   8.695
 54.325  11.445
 54.275  11.495
 54.225  11.495
 54.225  12.295
 54.275  12.295
 54.325  12.345
 54.325  12.945
 54.425  12.945
 54.475  12.995
 54.475  13.045
 54.525  13.095
 54.525  13.395
 54.475  13.445
 54.475  13.645
 54.425  13.695
 54.425  13.995
 54.375  14.045
 54.375  14.095
 54.325  14.145
 54.325  15.395
 54.425  15.495
 54.425  15.545
 54.375  15.595
 54.325  15.595
 54.325  15.695
 54.275  15.745
 54.175  15.645
 54.175  15.595
 51.775  15.595
 51.725  15.645
 51.675  15.645
 51.625  15.595
 51.325  15.595
 51.375  15.645
 51.375  15.995
 51.725  15.995
 51.775  15.945
 51.825  15.995
 51.875  15.995
 51.875  15.945
 51.925  15.895
 52.025  15.995
 52.025  16.045
 51.975  16.095
 51.175  16.095
 51.125  16.145
 50.225  16.145
 50.175  16.195
 49.425  16.195
 49.425  17.395
 49.475  17.445
 50.275  17.445
 50.325  17.495
 50.325  17.845
 50.475  17.845
 50.525  17.895
 50.525  17.995
 50.475  18.045
 50.575  18.145
 50.575  18.695
 50.525  18.745
 50.475  18.745
 50.425  18.795
 49.525  18.795
 49.525  19.545
 49.625  19.645
 53.075  19.645
 53.125  19.695
 53.125  19.795
 53.925  19.795
 53.925  19.745
 54.025  19.645
 54.275  19.645
 54.325  19.695
 54.325  26.895
 54.375  26.945
 54.375  27.045
 54.425  27.095
 54.425  27.295
 54.475  27.345
 54.475  27.595
 54.525  27.645
 54.525  27.745
 54.575  27.795
 54.575  27.845
 54.525  27.895
 54.525  27.945
 54.625  27.945
 54.675  27.995
 54.625  28.045
 54.575  28.045
 54.525  28.095
 54.425  28.095
 54.375  28.145
 54.325  28.145
 54.325  28.645
 54.225  28.745
 54.225  29.495
 54.325  29.595
 54.325  33.195
 54.275  33.245
 54.225  33.245
 54.225  34.045
 54.275  34.045
 54.325  34.095
 54.325  37.645
 54.375  37.695
 54.325  37.745
 54.275  37.745
 54.225  37.795
 54.225  38.545
 54.275  38.545
 54.325  38.595
 54.325  42.195
 54.225  42.295
 54.225  43.045
 54.275  43.045
 54.325  43.095
 54.325  46.745
 54.275  46.795
 54.275  47.595
 54.325  47.645
 54.325  49.795
 54.375  49.845
 54.325  49.895
 51.675  49.895
 51.625  49.945
 50.275  49.945
 50.225  49.995
 50.125  49.995
 50.125  51.995
 50.275  51.995
 50.325  52.045
 50.675  52.045
 50.725  51.995
 51.375  51.995
 51.425  52.045
 51.475  51.995
 51.575  51.995
 51.625  52.045
 51.625  52.495
 54.275  52.495
 54.325  52.545
 54.325  52.595
 54.775  52.595
 54.825  52.645
 54.825  56.645
 56.425  56.645
 56.475  56.595
 56.525  56.645
 57.725  56.645
 57.725  56.145
 57.775  56.095
 57.875  56.195
 57.875  56.245
 57.925  56.295
 57.875  56.345
 57.875  56.595
 57.925  56.645
 57.975  56.645
 58.025  56.595
 58.075  56.645
 58.475  56.645
 58.525  56.595
 58.575  56.595
 58.625  56.645
 59.875  56.645
 59.925  56.595
 59.975  56.645
 60.075  56.645
 60.125  56.595
 60.225  56.595
 60.275  56.545
 60.325  56.595
 60.325  56.645
 69.175  56.645
 69.225  56.595
 69.275  56.645
 71.325  56.645
 71.375  56.595
 71.425  56.645
 79.125  56.645
 79.175  56.595
 79.175  56.395
 79.225  56.345
 79.275  56.345
 79.325  56.295
 79.375  56.345
 79.675  56.345
 79.725  56.395
 79.725  57.595
 79.975  57.595
 80.025  57.645
 80.825  57.645
 80.875  57.595
 81.225  57.595
 81.275  57.645
 82.075  57.645
 82.125  57.595
 84.225  57.595
 84.225  56.345
 84.175  56.295
 84.175  56.245
 84.225  56.195
 84.225  56.145
 84.275  56.095
 84.375  56.095
 84.375  55.195
 84.275  55.195
 84.225  55.145
 84.225  55.045
 84.175  54.995
 84.225  54.945
 84.225  54.095
 84.175  54.045
 84.175  53.745
 84.075  53.645
 84.125  53.595
 84.225  53.595
 84.225  52.045
 84.175  51.995
 84.175  51.945
 84.225  51.895
 84.225  51.845
 84.275  51.795
 84.375  51.795
 84.375  50.895
 84.275  50.895
 84.225  50.845
 84.225  50.745
 84.175  50.695
 84.225  50.645
 84.225  46.445
 84.175  46.395
 84.175  46.345
 84.325  46.195
 84.325  45.295
 84.275  45.295
 84.225  45.245
 84.225  45.145
 84.175  45.095
 84.225  45.045
 84.225  40.445
 84.175  40.395
 84.175  40.345
 84.325  40.195
 84.375  40.195
 84.375  39.295
 84.275  39.295
 84.225  39.245
 84.225  39.195
 84.125  39.095
 84.175  39.045
 84.225  39.045
 84.225  34.595
 84.175  34.545
 84.175  34.495
 84.325  34.345
 84.375  34.345
 84.375  33.495
 84.325  33.445
 84.275  33.445
 84.225  33.395
 84.225  33.295
 84.175  33.245
 84.225  33.195
 84.225  29.595
 84.175  29.545
 84.175  29.445
 84.275  29.345
 84.375  29.345
 84.375  28.445
 84.275  28.445
 84.225  28.395
 84.225  28.295
 84.175  28.245
 84.225  28.195
 84.225  27.295
 84.175  27.245
 84.175  26.945
 84.125  26.895
 84.125  26.845
 84.175  26.795
 84.225  26.795
 84.225  25.595
 84.125  25.495
 84.275  25.345
 84.325  25.345
 84.375  25.295
 84.375  24.445
 84.275  24.445
 84.225  24.395
 84.225  24.295
 84.175  24.245
 84.175  24.195
 84.225  24.145
 84.225  22.945
 84.175  22.895
 84.175  22.595
 84.125  22.595
 84.075  22.545
 84.175  22.445
 84.225  22.445
 84.225  20.545
 84.175  20.495
 84.225  20.445
 84.225  20.345
 84.175  20.295
 84.175  19.745
 84.225  19.695
 84.225  19.345
 84.175  19.295
 84.175  19.245
 84.225  19.195
 84.225  19.145
 84.175  19.095
 84.225  19.045
 84.225  18.895
 84.175  18.845
 84.225  18.795
 84.175  18.745
 84.175  18.295
 84.125  18.245
 84.225  18.145
 84.225  16.945
 84.125  16.845
 84.225  16.745
 84.225  16.695
 84.275  16.645
 84.325  16.645
 84.375  16.595
 84.375  15.845
 84.225  15.695
 84.225  15.645
 84.175  15.595
 84.175  15.545
 84.225  15.495
 84.225  14.295
 84.175  14.245
 84.175  13.945
 84.125  13.945
 84.075  13.895
 84.075  13.845
 84.125  13.795
 84.175  13.795
 84.225  13.745
 84.225  12.645
 84.125  12.545
 84.275  12.395
 84.375  12.395
 84.375  11.495
 84.325  11.495
 84.225  11.395
 84.225  11.345
 84.175  11.295
 84.175  11.245
 84.225  11.195
 84.225   8.145
 84.175   8.095
 84.175   7.995
 84.325   7.845
 84.375   7.845
 84.375   6.995
 84.325   6.945
 84.275   6.945
 84.225   6.895
 84.225   6.845
 84.175   6.795
 84.175   6.745
 84.225   6.695
 84.225   1.995
 84.175   1.945
 84.175   1.845
 84.225   1.795
 84.275   1.795
 84.325   1.745
 84.375   1.745
 84.375   0.845
 84.275   0.845
 84.175   0.745
 84.175   0.645
 84.225   0.595
 84.225  -3.955
 84.175  -4.005
 84.175  -4.055
 84.225  -4.105
 84.225  -4.205
 84.275  -4.255
 84.475  -4.255
 84.475  -5.155
 84.275  -5.155
 84.225  -5.205
 84.225  -5.255
 84.175  -5.305
 84.175  -5.355
 84.225  -5.405
 84.225  -9.755
 84.275  -9.805
 84.425  -9.805
 84.425 -10.705
 84.275 -10.705
 84.225 -10.755
 84.225 -12.505
 84.175 -12.555
 84.175 -12.955
 84.225 -13.005
 84.225 -14.155
 84.275 -14.205
 84.325 -14.155
 84.525 -14.155
 84.525 -15.005
 84.325 -15.005
 84.225 -15.105
 84.225 -15.455
 79.675 -15.455
 79.675 -15.105
 79.625 -15.055
 79.225 -15.055
 79.125 -15.155
 79.175 -15.205
 79.175 -15.355
 78.475 -15.355
 78.025 -14.905
 77.975 -14.905
 77.575 -14.505
 57.275 -14.505
 57.225 -14.455
 57.175 -14.505
 56.575 -14.505
 56.525 -14.455
 56.475 -14.505
 56.425 -14.505
 56.375 -14.455
 56.275 -14.455
 56.225 -14.505
 56.225 -14.605
 56.175 -14.655
 56.125 -14.655
 55.675 -15.105
 55.625 -15.105
 55.275 -15.455
 43.825 -15.455
 43.775 -15.505
 43.775 -16.055
 43.475 -16.055
 43.425 -16.005
 43.375 -16.055
 42.475 -16.055
 42.425 -16.005
 42.375 -16.005
 42.375 -15.505
 42.275 -15.405
 42.225 -15.455
 39.275 -15.455
 39.275 -15.055
 39.175 -14.955
 38.575 -14.955
 38.575 -14.305
 38.625 -14.255
 38.575 -14.205
 38.625 -14.155
 38.625 -14.055
 38.575 -14.005
 38.625 -13.955
 38.625 -13.655
 38.575 -13.605
 38.625 -13.555
 38.625 -13.505
 38.575 -13.455
 38.575 -13.355
 38.625 -13.305
 38.575 -13.255
 38.575 -13.205
 39.325 -13.205
 39.275 -13.255
 39.375 -13.355
 39.425 -13.355
 39.525 -13.255
 39.525 -13.205
 40.675 -13.205
 40.675 -13.505
 40.725 -13.555
 41.275 -13.555
 41.325 -13.605
 41.375 -13.605
 41.425 -13.555
 41.425 -12.655
 41.525 -12.555
 41.525 -12.455
 41.575 -12.405
 41.575 -11.505
 41.525 -11.455
 41.525  -8.405
 41.475  -8.355
 41.275  -8.355
 41.275  -8.305
 41.225  -8.255
 41.175  -8.255
 41.125  -8.305
 41.125  -8.355
 40.375  -8.355
 40.275  -8.255
 40.175  -8.355
 39.125  -8.355
 39.125  -8.305
 39.075  -8.255
 39.025  -8.255
 38.975  -8.305
 38.975  -8.355
 37.875  -8.355
 37.925  -8.305
 37.925  -8.205
 37.875  -8.155
 37.725  -8.305
 37.725  -8.355
 36.625  -8.355
 36.675  -8.355
 36.725  -8.305
 36.725  -8.255
 36.675  -8.205
 36.625  -8.205
 36.525  -8.305
 36.525  -8.355
 35.775  -8.355
 35.825  -8.355
 35.875  -8.305
 35.825  -8.255
 35.775  -8.255
 35.725  -8.205
 35.675  -8.205
 35.625  -8.255
 35.625  -8.355
 35.125  -8.355
 35.075  -8.405
 35.075  -8.705
 34.275  -8.705
 34.275  -8.405
 34.225  -8.355
 33.775  -8.355
 33.725  -8.405
 33.075  -8.405
 33.025  -8.455
 33.025  -8.505
 17.975  -8.505
 17.975  -4.405
 17.925  -4.355
 16.625  -4.355
 16.575  -4.305
 16.525  -4.305
 16.525  -4.205
 16.575  -4.205
 16.625  -4.155
 16.625  -4.055
 16.575  -4.005
 16.525  -4.005
 16.525  -3.205
 16.575  -3.205
 16.625  -3.155
 18.425  -3.155
 18.475  -3.105
 18.475  -1.455
 18.425  -1.405
 18.075  -1.405
 18.025  -1.355
 17.975  -1.355
 17.925  -1.405
 17.075  -1.405
 17.025  -1.355
 17.025  -0.355
 16.975  -0.305
 16.725  -0.305
 16.725  -0.105
 16.825  -0.005
 16.825   0.045
 16.775   0.095
 16.775   0.245
 16.725   0.295
 16.725   0.445
 16.775   0.495
 16.825   0.495
 16.875   0.445
 16.975   0.445
 17.025   0.495
 17.025   1.545
 17.075   1.595
 18.375   1.595
 18.425   1.645
 18.425   1.845
 18.775   1.845
 18.825   1.895
 18.825   2.795
 18.775   2.845
 18.425   2.845
 18.425   3.245
 18.475   3.295
 18.375   3.395
 18.175   3.395
 18.125   3.345
 10.025   3.345
  9.975   3.295
  9.925   3.345
  9.875   3.295
  8.325   3.295
  8.325   3.895
  8.275   3.945
  8.175   3.945
  8.175   4.095
  8.125   4.145
  7.825   4.145
  7.775   4.095
  7.375   4.095
  7.325   4.045
  7.225   4.145
  7.075   3.995
  6.875   3.995
  6.775   3.895
  6.775   3.845
  6.725   3.795
  6.025   3.795
  5.975   3.845
  5.925   3.845
  5.875   3.795
  5.825   3.845
  5.525   3.845
  5.475   3.895
  5.425   3.845
  5.375   3.895
  5.225   3.895
  5.175   3.845
  5.225   3.795
  5.125   3.795
  5.125   3.945
  5.025   4.045
  4.975   3.995
 -9.325   3.995
 -9.375   3.945
 -9.375   3.895
 -9.425   3.895
 -9.475   3.845
 -9.425   3.795
 -9.375   3.795
 -9.325   3.745
 -9.225   3.745
 -9.225   3.395
 -9.175   3.345
 -8.875   3.345
 -8.825   3.295
 -8.825   3.245
 -8.775   3.195
 -8.725   3.245
 -8.725   3.345
 -8.675   3.295
 -8.625   3.345
 -7.525   3.345
 -7.475   3.295
 -7.425   3.295
 -7.375   3.345
 -7.075   3.345
 -7.025   3.295
 -6.975   3.345
 -6.875   3.245
 -6.775   3.245
 -6.725   3.295
 -6.475   3.295
 -6.425   3.245
 -6.175   3.245
 -6.175   3.095
 -6.225   3.045
 -6.225   2.995
 -6.125   2.895
 -6.075   2.945
 -5.775   2.945
 -5.725   2.995
 -5.675   2.995
 -5.625   2.945
 -5.575   2.995
 -5.425   2.995
 -5.375   3.045
 -5.225   3.045
 -5.175   3.095
 -5.125   3.095
 -5.025   3.195
 -5.025   3.245
 -4.925   3.245
 -4.875   3.295
 -4.875   3.345
 -4.725   3.345
 -4.675   3.295
 -4.625   3.295
 -4.575   3.345
 -4.475   3.345
 -4.425   3.295
 -4.375   3.345
 -4.125   3.345
 -4.075   3.295
 -3.975   3.295
 -3.925   3.345
 -3.875   3.295
 -3.575   3.295
 -3.625   3.245
 -3.575   3.195
 -3.525   3.195
 -3.475   3.245
 -3.475   3.295
 -2.875   3.295
 -2.825   3.245
 -2.775   3.295
 -2.775   3.345
 -2.625   3.345
 -2.575   3.295
 -2.525   3.345
 -0.225   3.345
 -0.175   3.295
 -0.125   3.295
 -0.075   3.345
  2.325   3.345
  2.375   3.295
  2.375   3.245
  2.425   3.195
  2.625   3.195
  2.675   3.245
  2.725   3.245
  2.775   3.295
  2.825   3.295
  2.875   3.345
  3.025   3.345
  3.025   3.245
  3.075   3.195
  3.875   3.195
  3.975   3.095
  4.125   3.095
  4.175   3.145
  4.275   3.145
  4.325   3.195
  4.425   3.195
  4.525   3.295
  4.575   3.295
  4.625   3.345
  4.775   3.345
  4.825   3.295
  4.875   3.295
  4.825   3.245
  4.825   3.145
  4.775   3.095
  4.775   2.995
  4.725   2.945
  4.725   2.845
  4.775   2.795
  4.825   2.795
  4.925   2.895
  4.925   2.995
  4.975   3.045
  4.975   3.145
  5.025   3.195
  5.025   3.245
  5.075   3.295
  5.075   3.445
  5.125   3.495
  5.125   3.595
  5.175   3.645
  5.175   3.695
  5.875   3.695
  5.925   3.645
  6.125   3.645
  6.175   3.695
  6.625   3.695
  6.625   3.645
  6.575   3.595
  6.575   3.545
  6.675   3.445
  6.725   3.445
  6.675   3.395
  6.725   3.345
  6.725   2.995
  6.775   2.945
  6.775   2.845
  6.825   2.795
  6.875   2.795
  6.925   2.845
  6.925   2.895
  7.125   2.895
  7.175   2.845
  7.225   2.845
  7.275   2.895
  7.925   2.895
  7.925   2.695
  7.875   2.645
  7.825   2.645
  7.775   2.595
  7.875   2.495
  7.925   2.495
  7.775   2.495
  7.825   2.545
  7.775   2.595
  7.525   2.595
  7.375   2.445
  7.425   2.395
  7.875   2.395
  7.925   2.345
  7.875   2.295
  7.875   2.145
  7.775   2.045
  7.575   2.045
  7.525   1.995
  7.525   1.945
  7.575   1.895
  7.625   1.895
  7.675   1.845
  7.625   1.795
  7.625   1.745
  7.525   1.645
  7.575   1.595
  7.675   1.595
  7.725   1.545
  7.825   1.545
  7.825   1.495
  7.875   1.445
  7.925   1.445
  7.925   1.395
  7.825   1.395
  7.725   1.295
  7.725   1.145
  7.775   1.095
  7.725   1.045
  7.725   0.995
  7.775   0.945
  7.725   0.895
  7.775   0.845
  7.775   0.645
  7.875   0.545
  7.925   0.595
  7.925   0.545
  7.875   0.495
  7.925   0.445
  7.925   0.395
  7.875   0.395
  7.775   0.495
  7.725   0.495
  7.625   0.395
  7.575   0.395
  7.525   0.345
  7.575   0.295
  7.425   0.445
  7.475   0.495
  7.375   0.595
  7.325   0.595
  7.075   0.845
  7.025   0.845
  6.825   1.045
  6.775   1.045
  6.725   1.095
  6.575   1.095
  6.475   1.195
  6.375   1.195
  6.325   1.145
  6.425   1.045
  6.475   1.045
  6.375   1.045
  6.325   0.995
  6.225   0.995
  6.175   1.045
  6.075   1.045
  6.075   1.095
  5.975   1.195
  5.925   1.145
  5.825   1.145
  5.775   1.095
  5.775   0.995
  5.825   0.945
  5.775   0.945
  5.675   1.045
  5.625   0.995
  5.575   0.995
  5.525   0.945
  4.725   0.945
  4.675   0.995
  4.625   0.945
  4.625   0.695
  4.675   0.645
  4.675   0.295
  4.525   0.295
  4.475   0.245
  4.475  -0.255
  4.425  -0.305
  4.425  -0.355
  4.475  -0.405
  4.475  -1.455
  4.425  -1.505
  4.275  -1.505
  4.225  -1.555
  4.125  -1.555
  4.025  -1.655
  4.025  -1.705
  3.975  -1.705
  3.925  -1.655
  3.675  -1.655
  3.625  -1.705
  3.625  -1.855
  3.575  -1.905
  3.575  -1.955
  3.675  -2.055
  3.675  -2.105
  3.725  -2.155
  3.725  -2.305
  3.825  -2.405
  3.925  -2.305
  3.975  -2.355
  4.175  -2.355
  4.225  -2.405
  4.325  -2.405
  4.375  -2.455
  4.425  -2.455
  4.425  -2.755
  4.125  -2.755
  4.025  -2.855
  3.925  -2.755
  3.875  -2.805
  3.675  -2.805
  3.625  -2.755
  3.625  -2.705
  3.575  -2.655
  3.625  -2.655
  3.675  -2.705
  3.775  -2.705
  3.825  -2.655
  3.775  -2.605
  3.725  -2.605
  3.625  -2.505
  3.525  -2.505
  3.425  -2.605
  3.425  -2.755
  2.825  -2.755
  2.775  -2.705
  2.725  -2.755
  2.675  -2.755
  2.625  -2.705
  2.575  -2.705
  2.525  -2.755
 -3.175  -2.755
 -3.225  -2.705
 -3.275  -2.705
 -3.325  -2.755
 -3.475  -2.755
 -3.575  -2.855
 -3.775  -2.855
 -3.825  -2.805
 -3.875  -2.855
 -3.975  -2.755
 -3.925  -2.705
 -3.975  -2.655
 -3.975  -2.605
 -4.025  -2.555
 -4.225  -2.555
 -4.275  -2.605
 -4.275  -2.705
 -4.325  -2.755
 -4.425  -2.755
 -4.475  -2.705
 -4.725  -2.705
 -4.775  -2.755
 -4.825  -2.705
 -4.925  -2.705
 -4.975  -2.755
 -5.075  -2.755
 -5.125  -2.805
 -5.125  -2.905
 -5.625  -2.905
 -5.625  -2.855
 -5.525  -2.755
 -5.575  -2.705
 -5.625  -2.705
 -5.775  -2.855
 -6.325  -2.855
 -5.825  -2.855
 -5.775  -2.805
 -5.775  -2.705
 -5.575  -2.705
 -5.525  -2.755
 -5.475  -2.755
 -5.425  -2.705
 -5.375  -2.705
 -5.325  -2.655
 -5.375  -2.605
 -5.425  -2.605
 -5.425  -2.555
 -5.525  -2.455
 -5.575  -2.455
 -5.625  -2.505
 -5.675  -2.455
 -5.725  -2.455
 -5.925  -2.655
 -5.925  -2.705
 -6.525  -2.705
 -6.575  -2.755
 -6.525  -2.805
 -6.475  -2.805
 -6.475  -2.905
 -6.725  -2.905
 -6.775  -2.855
 -6.825  -2.855
 -6.725  -2.755
 -6.725  -2.705
 -6.775  -2.655
 -6.875  -2.755
 -6.875  -2.655
 -6.775  -2.555
 -6.925  -2.405
 -6.925  -2.305
 -6.975  -2.255
 -6.975  -1.905
 -7.025  -1.855
 -7.025  -1.805
 -7.075  -1.755
 -7.175  -1.755
 -7.225  -1.805
 -7.225  -1.855
 -7.275  -1.855
 -7.325  -1.905
 -7.325  -2.005
 -7.275  -2.055
 -7.275  -2.205
 -7.325  -2.205
 -7.375  -2.155
 -7.425  -2.155
 -7.475  -2.205
 -7.475  -2.255
 -7.575  -2.255
 -7.625  -2.205
 -7.825  -2.405
 -7.825  -2.705
 -8.125  -2.705
 -8.175  -2.755
 -8.175  -2.905
 -8.525  -2.905
 -8.575  -2.955
 -8.625  -2.905
 -8.675  -2.905
 -8.675  -2.805
 -8.775  -2.705
 -8.775  -2.655
 -8.825  -2.605
 -8.825  -2.405
 -8.875  -2.355
 -9.175  -2.355
 -9.275  -2.455
 -9.325  -2.405
 -9.375  -2.455
 -9.425  -2.455
 -9.475  -2.505
 -9.575  -2.405
 -9.575  -2.055
 -9.625  -2.005
 -9.525  -1.905
 -9.625  -1.805
 -9.675  -1.805
 -9.725  -1.855
 -9.725  -2.105
 -9.775  -2.155
 -9.875  -2.155
 -9.875  -2.105
 -9.825  -2.055
 -9.775  -2.055
 -9.725  -2.005
 -9.775  -1.955
 -9.775  -1.905
 -9.825  -1.855
 -9.875  -1.855
 -9.875  -1.655
 -9.925  -1.605
-10.125  -1.605
-10.225  -1.705
-10.175  -1.755
-10.025  -1.755
-10.025  -1.955
-10.075  -1.905
-10.125  -1.905
-10.225  -1.805
-10.475  -1.805
-10.525  -1.855
-10.575  -1.805
-10.575  -1.705
-10.525  -1.705
-10.475  -1.655
-10.575  -1.555
-10.625  -1.555
-10.625  -0.855
-10.675  -0.805
-10.675  -0.105
-10.625  -0.055
-10.675  -0.005
-10.475   0.195
-10.575   0.295
-10.625   0.295
-10.625   1.145
-10.575   1.195
-10.625   1.245
-10.675   1.245
-10.675   1.295
-10.725   1.345
-10.675   1.345
-10.625   1.295
-10.575   1.345
-10.575   1.395
-10.525   1.445
-10.525   1.545
-10.625   1.645
-10.625   2.045
-10.575   2.095
-10.575   2.745
-10.625   2.795
-10.625   3.095
-10.675   3.145
-10.225   3.145
-10.225   2.995
-10.325   2.895
-10.225   2.795
-10.175   2.795
-10.125   2.845
-10.125   2.895
-10.075   2.945
-10.075   3.845
-10.125   3.895
-10.125   3.945
-10.175   3.995
-10.875   3.995
-10.875   4.445
-10.925   4.495
-10.975   4.495
===
 -6.725   8.795
 -6.675   8.795
 -6.675   5.445
  0.625   5.445
  0.625   8.795
  0.675   8.795
  0.675   8.845
  0.725   8.845
  0.625   8.845
  0.625   8.895
  0.575   8.895
  0.575   8.995
  0.525   8.995
  0.525   9.745
  0.575   9.745
  0.575   9.795
  0.675   9.795
  0.675   9.845
  0.625   9.845
  0.625  10.095
  0.675  10.095
  0.675  10.245
  0.625  10.245
  0.625  10.295
  0.575  10.295
  0.575  11.095
  0.625  11.095
  0.625  11.145
  0.675  11.145
  0.675  11.245
  0.625  11.245
  0.625  11.345
  0.675  11.345
  0.675  11.445
  0.625  11.445
  0.625  11.595
  0.675  11.595
  0.675  11.645
  0.625  11.645
  0.625  15.095
 -6.575  15.095
 -6.575  14.145
 -6.475  14.145
 -6.475  14.045
 -6.725  14.045
 -6.725  13.995
 -6.675  13.995
 -6.675  11.095
 -6.625  11.095
 -6.625  11.045
 -6.575  11.045
 -6.575  10.245
 -6.675  10.245
 -6.675   9.795
 -6.575   9.795
 -6.575   8.845
 -6.725   8.845
===
 -6.725  22.545
 -6.675  22.545
 -6.675  22.445
 -6.675  22.495
 -6.575  22.495
 -6.575  21.645
 -6.675  21.645
 -6.675  18.695
 -6.575  18.695
 -6.575  17.645
  0.625  17.645
  0.625  18.695
  0.725  18.695
  0.675  18.695
  0.675  18.795
  0.625  18.795
  0.625  21.595
  0.675  21.595
  0.625  21.595
  0.625  21.745
  0.575  21.745
  0.575  22.495
  0.625  22.495
  0.625  22.595
  0.675  22.595
  0.625  22.595
  0.625  22.895
  0.675  22.895
  0.675  22.945
  0.625  22.945
  0.625  23.095
  0.575  23.095
  0.575  23.195
  0.525  23.195
  0.525  23.295
  0.575  23.295
  0.575  23.345
  0.525  23.345
  0.525  23.445
  0.575  23.445
  0.525  23.445
  0.525  23.545
  0.575  23.545
  0.525  23.545
  0.525  23.745
  0.575  23.745
  0.525  23.745
  0.525  23.845
  0.625  23.845
  0.625  23.895
  0.675  23.895
  0.675  23.945
  0.725  23.945
  0.675  23.945
  0.675  23.995
  0.625  23.995
  0.625  25.195
  0.675  25.195
  0.675  25.245
  0.625  25.245
  0.625  26.295
  0.675  26.295
  0.625  26.295
  0.625  27.195
  0.675  27.195
  0.675  27.295
  0.575  27.295
  0.575  27.345
  0.575  27.295
 -2.525  27.295
 -2.525  27.345
 -3.475  27.345
 -3.475  27.295
 -3.575  27.295
 -3.575  27.345
 -5.025  27.345
 -5.025  27.245
 -5.775  27.245
 -5.775  27.295
 -5.825  27.295
 -5.825  27.345
 -5.875  27.345
 -5.875  27.295
 -5.975  27.295
 -5.975  27.345
 -6.275  27.345
 -6.275  27.295
 -6.675  27.295
 -6.675  27.245
 -6.725  27.245
 -6.675  27.245
 -6.675  23.945
 -6.725  23.945
 -6.725  23.895
 -6.625  23.895
 -6.625  23.845
 -6.575  23.845
 -6.575  23.395
 -6.625  23.395
 -6.575  23.395
 -6.575  22.945
 -6.675  22.945
 -6.675  22.545
===
 56.125  13.245
 56.175  13.245
 56.175  13.095
 56.225  13.095
 56.225  12.995
 56.325  12.995
 56.325  12.895
 56.375  12.895
 56.375  12.345
 56.475  12.345
 56.475  11.445
 56.375  11.445
 56.375   7.895
 56.425   7.895
 56.375   7.895
 56.375  11.345
 56.475  11.345
 56.475   8.195
 56.525   8.195
 56.525   7.845
 56.475   7.845
 56.475   6.995
 56.425   6.995
 56.425   6.945
 56.325   6.945
 56.375   6.945
 56.375   3.395
 56.425   3.395
 56.425   3.345
 56.475   3.345
 56.475   2.445
 56.375   2.445
 56.375  -1.155
 56.425  -1.155
 56.425  -1.205
 56.475  -1.205
 56.475  -2.005
 56.425  -2.005
 56.425  -2.105
 56.375  -2.105
 56.375  -5.655
 56.475  -5.655
 56.475  -6.555
 56.325  -6.555
 56.325  -6.605
 56.375  -6.605
 56.375  -9.805
 56.425  -9.805
 56.425  -9.855
 56.475  -9.855
 56.475 -10.705
 56.425 -10.705
 56.425 -10.755
 56.325 -10.755
 56.375 -10.755
 56.375 -12.905
 56.325 -12.905
 56.325 -13.005
 56.375 -13.005
 56.375 -13.155
 56.375 -13.105
 58.375 -13.105
 58.375 -13.155
 59.425 -13.155
 59.425 -13.105
 59.625 -13.105
 59.625 -13.155
 59.675 -13.155
 59.675 -13.255
 59.825 -13.255
 59.825 -13.305
 59.875 -13.305
 59.875 -13.455
 59.925 -13.455
 59.925 -13.355
 60.275 -13.355
 60.275 -13.305
 60.475 -13.305
 60.475 -13.205
 60.525 -13.205
 60.525 -13.055
 60.575 -13.055
 60.575 -13.005
 64.575 -13.005
 64.575 -13.055
 64.625 -13.055
 64.625 -13.205
 64.675 -13.205
 64.675 -13.355
 64.675 -13.155
 65.075 -13.155
 65.075 -13.105
 65.225 -13.105
 65.225 -13.055
 65.275 -13.055
 65.275 -12.955
 65.375 -12.955
 65.375 -13.005
 65.425 -13.005
 65.425 -12.955
 66.225 -12.955
 66.225 -13.005
 69.375 -13.005
 69.375 -13.055
 69.425 -13.055
 69.425 -13.255
 69.475 -13.255
 69.475 -13.155
 70.075 -13.155
 70.075 -13.105
 70.225 -13.105
 70.225 -13.055
 71.475 -13.055
 71.475 -13.005
 73.925 -13.005
 73.925 -13.055
 73.975 -13.055
 73.975 -13.105
 74.075 -13.105
 74.075 -13.155
 74.125 -13.155
 74.125 -13.205
 74.175 -13.205
 74.175 -13.255
 74.425 -13.255
 74.425 -13.205
 74.625 -13.205
 74.625 -13.155
 74.775 -13.155
 74.775 -13.055
 74.875 -13.055
 74.875 -13.005
 77.175 -13.005
 77.175 -13.055
 77.275 -13.055
 77.275 -13.205
 77.325 -13.205
 77.325 -13.305
 77.325 -13.205
 77.775 -13.205
 77.775 -13.155
 77.875 -13.155
 77.875 -13.005
 79.225 -13.005
 79.225 -13.205
 79.825 -13.205
 79.825 -13.155
 79.925 -13.155
 79.925 -13.105
 79.975 -13.105
 79.975 -12.955
 80.075 -12.955
 80.075 -13.205
 80.025 -13.205
 80.025 -13.255
 80.075 -13.255
 80.075 -13.505
 80.125 -13.505
 80.125 -13.455
 80.425 -13.455
 80.425 -13.055
 80.325 -13.055
 80.325 -12.905
 80.625 -12.905
 80.625 -12.955
 81.025 -12.955
 81.025 -12.555
 80.975 -12.555
 80.975 -10.705
 80.825 -10.705
 80.825  -9.805
 80.975  -9.805
 80.975  -9.655
 81.025  -9.655
 80.975  -9.655
 80.975  -6.755
 81.025  -6.755
 80.975  -6.755
 80.975  -6.655
 80.825  -6.655
 80.825  -6.605
 80.775  -6.605
 80.775  -6.505
 80.825  -6.505
 80.825  -5.605
 80.975  -5.605
 80.975  -5.505
 81.025  -5.505
 81.025  -5.455
 80.975  -5.455
 80.975  -2.255
 81.025  -2.255
 80.975  -2.255
 80.975  -2.155
 80.975  -2.305
 80.875  -2.305
 80.875  -2.205
 80.825  -2.205
 80.825  -2.105
 80.925  -2.105
 80.825  -2.105
 80.825  -1.105
 80.975  -1.105
 80.975  -1.005
 81.025  -1.005
 81.025  -0.905
 80.975  -0.905
 80.975   2.245
 81.075   2.245
 81.025   2.245
 81.025   2.295
 80.975   2.295
 80.975   2.395
 80.825   2.395
 80.825   3.395
 80.925   3.395
 80.925   3.445
 80.975   3.445
 80.975   3.495
 81.125   3.495
 81.025   3.495
 81.025   3.595
 80.975   3.595
 80.975   6.745
 81.075   6.745
 81.075   6.795
 81.125   6.795
 80.975   6.795
 80.975   6.895
 80.825   6.895
 80.825   7.895
 80.875   7.895
 80.875   7.945
 80.975   7.945
 80.975   7.995
 81.125   7.995
 81.075   7.995
 81.075   8.045
 81.025   8.045
 81.025   8.095
 80.975   8.095
 80.975  11.295
 81.075  11.295
 80.975  11.295
 80.975  11.395
 80.925  11.395
 80.925  11.445
 80.775  11.445
 80.775  11.845
 80.825  11.845
 80.825  12.445
 80.925  12.445
 80.925  12.495
 81.025  12.495
 81.025  12.645
 80.975  12.645
 80.975  13.845
 81.125  13.845
 81.125  13.895
 81.025  13.895
 81.025  14.245
 80.575  14.245
 80.575  14.195
 80.475  14.195
 80.475  14.395
 79.825  14.395
 79.825  14.445
 79.775  14.445
 79.775  14.395
 79.675  14.395
 79.775  14.395
 79.775  14.295
 79.625  14.295
 79.625  14.345
 79.575  14.345
 79.575  15.295
 79.625  15.295
 79.625  15.345
 79.575  15.345
 79.575  15.445
 79.525  15.445
 79.525  15.495
 79.375  15.495
 79.375  15.395
 79.175  15.395
 79.175  15.445
 78.775  15.445
 78.775  15.395
 78.725  15.395
 78.725  14.945
 78.025  14.945
 78.025  14.995
 77.575  14.995
 77.575  15.045
 77.575  14.995
 77.525  14.995
 77.525  14.945
 77.475  14.945
 77.475  14.895
 77.425  14.895
 77.425  14.795
 77.525  14.795
 77.525  14.595
 77.125  14.595
 77.125  14.545
 77.075  14.545
 77.125  14.545
 77.125  14.495
 77.175  14.495
 77.175  14.445
 77.275  14.445
 77.275  14.195
 77.175  14.195
 77.175  14.145
 76.075  14.145
 76.075  14.195
 76.075  14.145
 75.925  14.145
 75.925  14.195
 75.225  14.195
 75.225  14.445
 75.175  14.445
 75.175  14.495
 75.175  14.445
 75.075  14.445
 75.075  14.495
 75.075  14.445
 74.975  14.445
 74.975  14.495
 74.875  14.495
 74.875  14.445
 74.625  14.445
 74.625  14.495
 74.625  14.445
 73.875  14.445
 73.875  14.495
 73.825  14.495
 73.825  14.445
 73.775  14.445
 73.775  14.245
 70.525  14.245
 70.525  14.645
 70.525  14.595
 70.475  14.595
 70.475  14.545
 69.225  14.545
 69.225  14.595
 69.175  14.595
 69.175  14.545
 69.025  14.545
 69.025  14.595
 68.875  14.595
 68.875  14.245
 66.475  14.245
 66.475  14.295
 65.725  14.295
 65.725  14.595
 65.375  14.595
 65.375  14.645
 65.375  14.595
 65.125  14.595
 65.125  14.645
 65.125  14.595
 64.025  14.595
 64.075  14.595
 64.075  14.295
 60.875  14.295
 60.875  14.595
 60.925  14.595
 60.925  14.645
 61.125  14.645
 61.125  14.595
 61.125  14.645
 61.175  14.645
 61.175  14.695
 60.925  14.695
 60.925  14.745
 60.275  14.745
 60.275  14.895
 60.225  14.895
 60.225  14.995
 60.175  14.995
 60.175  14.945
 59.925  14.945
 59.925  14.845
 59.875  14.845
 59.875  14.745
 59.825  14.745
 59.825  14.595
 59.775  14.595
 59.775  14.495
 59.725  14.495
 59.725  14.395
 59.675  14.395
 59.675  14.295
 59.625  14.295
 59.625  14.195
 56.425  14.195
 56.425  14.245
 56.425  14.195
 56.375  14.195
 56.375  14.145
 56.325  14.145
 56.325  14.095
 56.275  14.095
 56.275  14.045
 56.225  14.045
 56.225  13.645
 56.175  13.645
 56.175  13.245
===
 56.325  20.595
 56.375  20.595
 56.375  17.945
 56.425  17.945
 56.425  17.895
 56.425  17.945
 56.525  17.945
 56.525  17.045
 56.425  17.045
 56.425  16.995
 56.375  16.995
 56.375  16.445
 59.125  16.445
 59.125  16.395
 59.675  16.395
 59.675  16.345
 59.825  16.345
 59.825  16.295
 60.025  16.295
 60.025  16.345
 60.075  16.345
 60.075  16.395
 60.275  16.395
 60.275  17.495
 60.725  17.495
 60.725  17.545
 61.225  17.545
 61.225  16.495
 61.375  16.495
 61.375  16.445
 61.425  16.445
 61.425  16.395
 65.675  16.395
 65.675  16.345
 65.725  16.345
 65.725  16.095
 65.775  16.095
 65.775  16.045
 66.725  16.045
 66.725  16.145
 66.775  16.145
 66.775  16.245
 66.825  16.245
 66.825  16.295
 66.875  16.295
 66.875  16.345
 67.875  16.345
 67.875  16.295
 67.925  16.295
 67.925  16.345
 68.625  16.345
 68.625  16.645
 68.675  16.645
 68.675  17.395
 68.725  17.395
 68.725  17.445
 69.575  17.445
 69.575  16.495
 69.625  16.495
 69.625  16.395
 69.675  16.395
 69.675  16.295
 69.725  16.295
 69.725  16.195
 69.775  16.195
 69.775  16.095
 72.975  16.095
 72.975  16.295
 74.225  16.295
 74.225  16.345
 77.275  16.345
 77.275  16.845
 77.325  16.845
 77.325  17.045
 77.775  17.045
 77.775  17.095
 77.925  17.095
 77.925  17.245
 78.375  17.245
 78.375  17.195
 78.775  17.195
 78.775  17.145
 79.125  17.145
 79.125  17.095
 79.325  17.095
 79.325  17.045
 79.375  17.045
 79.375  16.945
 79.575  16.945
 79.575  17.045
 79.625  17.045
 79.625  17.145
 79.575  17.145
 79.575  17.345
 79.775  17.345
 79.775  17.395
 79.825  17.395
 79.825  17.545
 81.975  17.545
 81.975  22.995
 79.575  22.995
 79.575  23.095
 79.625  23.095
 79.625  23.145
 79.825  23.145
 79.825  23.895
 79.775  23.895
 79.775  23.945
 79.625  23.945
 79.625  23.995
 79.575  23.995
 79.575  24.145
 79.475  24.145
 79.475  24.695
 79.425  24.695
 79.425  24.945
 79.475  24.945
 79.475  25.645
 79.575  25.645
 79.575  25.695
 79.625  25.695
 79.625  26.045
 79.825  26.045
 79.825  26.895
 80.525  26.895
 80.525  26.845
 81.075  26.845
 81.075  26.895
 81.025  26.895
 81.025  27.245
 80.975  27.245
 80.975  28.495
 81.025  28.495
 81.025  28.545
 80.975  28.545
 80.975  28.645
 80.825  28.645
 80.825  29.645
 80.875  29.645
 80.875  29.695
 80.975  29.695
 80.975  29.745
 81.075  29.745
 81.025  29.745
 81.025  29.845
 80.975  29.845
 80.975  32.995
 81.025  32.995
 81.025  33.045
 80.975  33.045
 80.975  33.145
 80.925  33.145
 80.925  33.195
 80.825  33.195
 80.825  34.195
 80.975  34.195
 80.975  34.245
 81.075  34.245
 81.075  34.295
 81.025  34.295
 81.025  34.395
 80.975  34.395
 80.975  35.895
 81.075  35.895
 81.075  35.945
 81.125  35.945
 80.975  35.945
 80.975  36.895
 81.125  36.895
 81.025  36.895
 81.025  36.945
 80.975  36.945
 80.975  39.095
 81.075  39.095
 81.025  39.095
 81.025  39.145
 80.975  39.145
 80.975  39.245
 80.875  39.245
 80.875  40.245
 80.925  40.245
 80.925  40.295
 81.025  40.295
 81.025  40.345
 81.075  40.345
 81.075  40.395
 81.025  40.395
 81.025  40.445
 80.975  40.445
 80.975  42.045
 81.025  42.045
 81.025  42.095
 80.975  42.095
 80.975  42.195
 80.825  42.195
 80.825  43.195
 80.925  43.195
 80.925  43.245
 80.975  43.245
 80.975  43.295
 81.075  43.295
 81.025  43.295
 81.025  43.395
 80.975  43.395
 80.975  45.095
 81.025  45.095
 81.025  45.145
 80.975  45.145
 80.975  45.245
 80.775  45.245
 80.775  45.845
 80.825  45.845
 80.825  46.145
 80.925  46.145
 80.925  46.195
 80.975  46.195
 80.975  46.245
 81.025  46.245
 81.025  46.295
 80.975  46.295
 80.975  50.745
 81.025  50.745
 80.975  50.745
 80.975  50.895
 80.825  50.895
 80.825  50.995
 80.775  50.995
 80.775  51.245
 80.825  51.245
 80.825  51.745
 80.875  51.745
 80.875  51.795
 80.975  51.795
 80.975  51.845
 81.075  51.845
 81.075  51.895
 80.975  51.895
 80.975  53.595
 81.025  53.595
 81.025  53.645
 81.075  53.645
 81.075  53.695
 81.025  53.695
 81.025  53.995
 81.075  53.995
 81.025  53.995
 81.025  54.045
 81.025  53.995
 80.675  53.995
 80.675  54.045
 80.675  53.995
 79.675  53.995
 79.675  54.845
 79.325  54.845
 79.325  54.895
 79.325  54.845
 79.275  54.845
 79.275  53.945
 77.825  53.945
 77.825  54.295
 76.925  54.295
 76.925  54.245
 76.875  54.245
 76.875  53.945
 76.175  53.945
 76.175  53.995
 75.525  53.995
 75.525  53.945
 75.275  53.945
 75.275  54.295
 73.925  54.295
 73.925  54.245
 73.825  54.245
 73.825  54.095
 71.525  54.095
 71.525  54.145
 71.525  54.095
 71.425  54.095
 71.425  54.145
 70.575  54.145
 70.575  54.345
 70.425  54.345
 70.425  54.295
 69.075  54.295
 69.075  54.195
 69.075  54.295
 69.225  54.295
 69.225  54.195
 69.175  54.195
 69.175  54.145
 69.125  54.145
 69.125  54.095
 69.025  54.095
 69.025  54.145
 68.625  54.145
 68.625  54.095
 67.225  54.095
 67.225  54.145
 65.675  54.145
 65.675  54.345
 65.625  54.345
 65.625  54.445
 65.625  54.295
 64.675  54.295
 64.675  54.345
 64.625  54.345
 64.625  54.295
 64.225  54.295
 64.225  54.095
 63.875  54.095
 63.875  54.145
 60.775  54.145
 60.775  54.495
 60.725  54.495
 60.725  54.445
 59.375  54.445
 59.375  53.795
 56.425  53.795
 56.425  50.445
 56.375  50.445
 56.375  49.445
 56.425  49.445
 56.425  47.595
 56.525  47.595
 56.525  46.745
 56.425  46.745
 56.425  43.095
 56.525  43.095
 56.525  42.245
 56.425  42.245
 56.425  38.545
 56.525  38.545
 56.525  37.745
 56.475  37.745
 56.475  37.695
 56.425  37.695
 56.425  34.095
 56.525  34.095
 56.525  33.195
 56.375  33.195
 56.375  33.145
 56.425  33.145
 56.425  26.895
 56.475  26.895
 56.475  26.845
 56.475  26.895
 56.625  26.895
 56.625  26.595
 56.675  26.595
 56.675  26.545
 56.775  26.545
 56.775  25.645
 56.625  25.645
 56.625  24.595
 56.375  24.595
 56.375  24.095
 56.475  24.095
 56.475  24.045
 56.525  24.045
 56.525  23.195
 56.425  23.195
 56.425  23.145
 56.375  23.145
 56.375  20.645
 56.325  20.645
===