Sun_Mar__9_00:20:34_2014
29.3143825118 -10.5982266278 67.6117192402 14.0014152622 21.0773883332 11.5731926444 18.6901885845 9.97851319353 28.3170581486 -10.9451604357 32.2064888904 -10.6568517743 17.592501804 10.0145345769 22.451169029 9.6727143572 18.0139761978 10.7927373294 28.3498485615 -10.5141680856 69.4688142566 10.6050866112 69.7719909245 12.6070531695 31.8991476952 -11.4865156034 17.8828914343 9.25373246332 67.7272164375 10.6748077049 19.8372508193 8.6770736301 71.9522698769 12.3547028915 68.4703238118 10.3788242447 17.5757915723 9.91970735251 19.8664395828 10.0819114987
30.3289800213 -9.975439896 71.1078972673 13.5982606081 20.4268758046 9.9159987122 30.842668835 -9.77013186424 28.5033709728 -10.4544024492 20.9594397814 11.2355852549 18.5035222073 10.3337137407 20.3850973532 7.75504036837 20.9756045183 8.46204664437 21.1407761394 8.30942978282 69.0028646856 11.6146439278 69.3889547325 11.4544121565 19.0513381391 7.59368231269 68.771470171 12.1666124288 70.4261445472 12.3231912993 27.9312392435 -12.1518820271 69.4973116663 10.2170831598 29.3069104854 -12.4167254995 22.0686023477 9.21930465994 30.1349001367 -9.86692662611
28.0801171633 -7.71129622948 71.6015386697 13.2306908102 19.1866422123 8.03562840345 31.5097613465 -8.68819227194 67.7692935674 13.0233782218 21.1947454985 9.02098841695 32.0877354121 -10.5930987513 29.8467380351 -9.07013063795 30.0433714263 -8.38589164484 30.9119545005 -10.5653864041 68.4875656931 11.1419208899 70.5434484787 11.6627668011 71.2727417983 12.7121090411 30.1407156313 -11.2178817501 68.0909119627 11.2834266978 71.606883449 14.2373899481 68.7110215325 12.3618129509 19.3520281927 9.33962021032 29.4910329407 -7.83799220427 29.8061286573 -12.1749123601
28.514133357 -12.242253676 71.4745504205 11.1623774769 20.1571692099 8.37616376675 28.4952788186 -7.56517812998 22.2547047764 10.710950349 68.7577405798 11.5680655468 68.5939605569 13.2197315924 18.4417495157 8.7220886216 20.7597766006 9.40870327046 29.9585661843 -11.6539333686 67.7950303713 12.5704954723 30.5694821415 -10.7811272037 21.4237156005 12.3292668373 68.1655282948 14.5623866346 70.3678554085 14.5448473977 20.5416503626 12.489690686 27.5371818585 -8.54774875095 31.268920254 -9.08381568812 22.280221962 11.8362933136 21.1657380829 12.0956159425
29.5013426303 -12.391820105 71.0066493101 10.5314164334 18.4812254131 11.8581219743 21.8049643871 9.66029388516 29.2717124942 -8.52490186262 29.5597896335 -9.7153606149 28.610066325 -7.5150304814 70.3963775499 12.8259790821 22.2124106178 11.4829701145 19.1994188437 11.859574529 68.7132107412 11.6840062553 20.7392087115 11.3810308401 71.6018056165 12.0038450487 70.5823883738 10.995812615 21.1253374176 8.78470354629 32.213878169 -9.4810395974 20.2112215316 10.785006369 20.5723594284 9.16156137927 70.4934239093 10.8897751844 18.5565804392 11.4343968392
28.6861301611 -9.62991910502 69.1502551512 11.3880910329 20.1354946124 10.0860073644 70.1021016932 13.4429227332 18.5111455968 12.3339968167 30.0610525633 -9.7287658738 22.4442872239 11.9061731211 28.512675239 -12.4983545427 18.6681922586 9.1079464877 20.2005188179 7.64244637086 28.3546477199 -8.46588284005 72.2583469522 11.2188428953 19.2168021947 12.4761317489 28.8820128684 -11.2774462496 29.6827125549 -12.176422678 30.8217497005 -7.93678445615 20.0363422007 10.2049848925 17.5781871448 9.61909418487 70.5686854743 14.69996601 28.5106373073 -9.80742356521
28.0635518251 -11.4977859117 67.7463768995 11.0464140131 18.8418483736 7.56965694893 31.4743303441 -7.5317391019 20.3817116746 11.3828259004 21.9626715731 11.4913672644 31.5404210702 -11.9715716327 67.9656352702 13.9493700892 27.5832027601 -11.9880799894 68.2604242177 11.4991854434 31.1545723335 -7.85822885326 32.2482145093 -10.9423371429 72.2853857433 10.5013927162 31.0165188754 -8.27202079398 27.5802136394 -9.49638259169 68.3462051902 10.1011384346 20.1953432151 9.08220601426 19.4690018157 10.3842879538 21.2382043064 11.1792508052 19.2914393854 10.7038510421
29.2162308949 -9.074932124 69.9619904171 12.7083272058 18.2603871591 9.89134742883 22.0429439578 9.98013795284 29.342218222 -8.29559361004 68.1315771979 12.8434074411 31.6529546247 -12.181476451 28.9874188211 -9.71832440649 19.3782687204 11.5026030757 32.3765293649 -9.93790399918 67.7441615988 13.5801002899 72.2680461058 11.6395943773 29.8730121261 -8.74742845117 32.3438640503 -7.665638815 32.1271259649 -11.0773291454 69.7261977845 14.1466089706 70.9898969822 14.3203230535 31.8890042362 -9.03253860464 27.565781271 -11.3387775776 20.7599777489 9.12192511133
30.0169571242 -12.3731636794 68.3248208608 14.5600957143 17.8857757254 12.413604224 68.7398808014 10.0393386385 67.7697399093 14.2551527957 30.5750857578 -9.97418668794 30.1297086839 -11.9202073343 21.4030699011 11.4177598117 29.1973835804 -7.58418604523 20.0459947434 8.40756513331 31.6768037898 -9.26905414929 68.1711037329 13.5204791325 30.3165931557 -8.54196125352 30.1487950514 -9.38800344754 21.9472297782 12.3951064453 21.3861427108 8.18359096621 28.6759502003 -7.9964649781 68.825922807 13.4776018152 22.2789670353 10.4424414731 32.2355704808 -7.91940539119
32.0459940862 -8.19786481792 67.9290925254 13.8103295824 22.2128024782 7.56896739992 20.2121012684 9.38270914999 29.3247034792 -10.7762497123 72.3664410071 13.0028995665 71.3903693468 13.8992161074 29.4952547833 -8.08106490899 30.1848221594 -9.03151971822 69.6015422524 12.8089264745 30.783996732 -10.8362640695 27.9450810907 -7.85166223181 32.0709114134 -7.86986847512 18.2691867325 12.4488762559 32.2088599406 -9.19978498774 31.0071335351 -7.60837773797 28.7957453112 -10.6369579214 31.7896806694 -7.94822274882 30.3988217988 -11.9863436821 69.5777969392 10.3336716315
