Sat_Mar__8_21:49:26_2014
27.5477941299 -8.44552517938 71.1059326538 10.0472750194 19.4825169558 9.84631626479 72.4131200318 13.5468515685 29.4600876032 -7.83829976478 68.6600439722 13.3174731677
28.9540387642 -8.03373501746 71.8093659647 12.5476551676 22.1448827733 11.0212839054 20.1595032904 9.68949690306 21.6169433362 8.3306294454 21.8396667453 9.99729799493
29.3165727729 -9.50532949622 70.5264416345 13.9846468147 21.4760732214 9.59561769521 21.9554258224 9.45167037233 21.297903417 12.1797132073 17.9491740201 8.69186443344
32.4699062886 -8.3046635422 68.4421357845 14.1974568343 18.2441006241 12.1064015924 70.8428505443 10.5080182163 27.5462941833 -10.4056935499 18.0625819974 11.5451649533
29.0990567637 -11.837700432 70.5888599857 12.3877125387 20.0915048837 10.1663991034 30.9994432265 -10.5883817521 31.6954915507 -11.6512348275 18.4480519353 12.2390017753
32.287128281 -8.82787275054 70.4956837106 14.7238892065 18.0325272586 10.2223786035 31.6206097654 -9.15300144005 70.3302170768 10.3735546648 70.8519976404 11.8593045795
30.9201715578 -12.0586425585 71.6948498579 12.9761852924 21.3367944961 11.1633598606 71.3971509534 12.0738736327 29.2807521664 -11.6279145939 70.1071003346 10.2952399718
31.7454399713 -8.35859696747 68.3350973951 14.7645457736 21.2832069404 12.4543924811 20.9479869309 11.7082621192 28.4196210285 -8.38082930748 17.852020017 12.3608159357
28.6277911513 -9.58579147071 70.7901038616 10.456102888 21.9658124052 10.7081659247 27.5933277574 -10.7331433072 20.0451480033 11.2532477374 68.3728899016 13.0020986509
31.56449842 -10.5291910103 71.9486132458 10.5398810857 17.967233623 10.8229412025 29.4064134108 -7.94942115228 22.0714307883 12.231510406 69.6162237346 11.3438045049
