Sat_Mar__8_21:48:35_2014
29.0295282497 -9.84637526181 67.6030103724 13.7784538046 19.5268392778 12.0254230832 28.6594549766 -10.5559789846 19.1932941023 8.11877984201
28.5504068767 -11.0817581025 70.883540375 11.9172055886 21.9821811003 12.3535860294 32.0319404418 -11.9941422627 20.6882033247 11.1131000549
28.2207616994 -8.68844720556 69.7115477462 13.042261951 20.556430499 11.7256274935 72.3144595893 11.3752018321 69.0295603676 14.5665917414
28.2672608026 -8.2419607187 69.5229954845 14.622332735 20.6937186511 10.7770505918 70.2912316511 10.3188576941 69.8085335024 13.1376174454
32.0749229776 -10.6730890134 71.6020028929 12.9312286105 18.5609519531 11.6093765702 69.2091677978 13.8397284135 67.8625442464 13.09884412
29.2821994021 -10.893438538 71.2275934996 10.5999924886 19.5627342072 9.61166247281 29.9320720567 -10.7799878823 70.8204422405 11.4211813475
28.8090272862 -8.57766710085 68.012407501 13.9424991888 17.9937575853 7.9025974538 17.5773035933 12.1968342457 68.9002993832 10.5810329826
27.7636240795 -10.1637541006 72.3300730897 12.5052688056 20.0661249306 8.02903569154 19.0782647157 8.70597078318 29.5275092347 -12.1720179036
29.5341077958 -8.68940409743 68.1561364975 13.1469504211 18.9306510425 9.30569853245 69.0596428119 10.9095990739 19.8964183953 12.0345365268
27.5653325772 -8.00705161229 71.0394044238 13.5451527755 17.718185368 11.3421760817 70.9516850771 14.199531022 71.8811442731 12.3072936319
