      1.5707963267948         -1.5431281995798991    -0.047595544887998331       1.4423058659586809       1.5334368368992011     -1.1431255223182604
	  1.5761616664954057      -1.5317516219856446    -0.072227940053015305       1.8177820514599889       1.2772444793070572     -0.7512541701588748
      1.6714285912580589      -1.7011557592592104      0.14445996281439372       1.4473583249466115       1.9857193026033435     -0.90779747191369731
      1.5307468912014812      -1.4781308744224901     -0.12878986611299886      0.50537905454592669        2.057271293154423      -1.2517977827978137
      1.5387447997454777      -1.4142336332546395     -0.14661180979828553       1.6603103031644881       1.1239562748402561      -1.0792876198096149
      1.4512125688453124      -1.7519269545498357      0.29971983050524931        1.418844352090552       1.8691138715509608      -1.1465291559371342
      1.6200340699099256       -1.367063481201396     -0.38777345526772328        1.680110465368595       1.9321177436031975      -1.4425794637987075
      1.6522506600996298      -1.4613873555076764     -0.24489494507712778       1.1424709205476669       1.4373428186994406      -1.3963668052402909
      1.6255540374881281      -1.2283095901780825     -0.48243828235485875       1.9407308897830104        1.875044200585843      -1.3441876161614386
      1.4671138336596237      -1.7315401234108223      0.20254595135269476       2.0500252295105499       2.0574857663758253       -1.013752033147274
      1.5980977184717124      -1.5634732939721188      0.14970927641052523         1.39878828996829       1.7388599811797911     -0.76685385415972851
      1.4946067359099422      -1.5194615728169623     -0.20033264599399764       1.4179618451409848       1.1197011940928794     -0.57775786987052102
      1.6843878884213579      -1.3800782200915684     -0.18990624289865399       1.2448819800995579       1.5010382209465101      -1.2310724259161985
       1.524005728434995      -1.5211126138156985    -0.013931849651607743       1.4743650924287741       2.2797259568143451     -0.97643210047159801
      1.5373937624352645      -1.4619583703159669     -0.16592491412868499        1.404048081380918      0.45374414410046593     -0.56732651957998259
      1.5950792085977068      -1.5421569911845268    -0.099429854545842328       1.6811227677677854       1.1532418391765062     -0.73124374602838205
      1.6040171023645919      -1.7469820650367232      0.19054943230187188       1.4744913849816028      0.70308522690507347      -1.4633147308953718
      1.5925081381071542      -1.6804580670517149      0.24274659308983121         1.59615104858521       1.4571179800683276      -1.0773264952784374
      1.6451035321876859      -1.4868895378700699     0.058389333836955506       1.7754123378562456       2.2058834121410857      -1.3590847217659388
      1.4723985273550086      -1.4172899494903093     -0.42048776786247183      0.71199407514849655       1.4567669738123359      -1.0432222398756019
       1.529347746247482      -1.5332440676175532     0.049878487982435687       1.9166484059560134       1.9013868375673468     -0.94069303022388784
       1.454328177368132      -1.5831676584825711      0.14862749588368229       1.4308339728895487       1.2029142016259817      -1.3551106421769128
      1.7215287348337005      -1.5881747425701394     0.067948115235560963        1.425576738314668       1.9413738698329046      -1.7254097426123047
      1.6214454901643727      -1.8433755786129111      0.14246536831478024      0.70809508372870378       1.6822376365826197      -1.2054883971303383
      1.4405221391744041      -1.6406204243272584     0.087019415002304784       2.2137560192300776       2.1181577019410707      -1.2777929037438776
      1.4919793672904791      -1.6389124800465165      0.30536967782468305       1.6830227681581511       1.3050447220148542      -1.1678442343876296
      1.4633042327688965      -1.5019084508753202     -0.22033888650122152       1.5732156733870557        1.266790671161363      -1.1720087870573774
      1.5228028124346993      -1.5488850817012045    -0.051407262801633345       1.7670828774092462       1.3733375032693753      -1.0626274185333355
      1.4943020027250082      -1.2915188946067884     -0.34867935018765234        1.788288088671051       1.1194906231389332     -0.75513237624337037
      1.6893630195749125      -1.6475038736849807      0.16501077835670913       1.7527626975808623       1.0159374181633249      -1.2146149826798625
      1.5638772394377372       -1.528436325545014     -0.17999531666886145       1.6494983423387046      0.98234488412011844      -1.0100868806061472
      1.5629167216805124      -1.6678940436209166       0.3940587835851927       2.1565141055261137       1.8942304445286073       -1.031080244754953
      1.6747995086362817      -1.3032899131219677     -0.46186443479197836       1.4279403096470686       1.5669768399693222       -1.184273329974795
      1.5165783381212734      -1.6158400812991847      -0.1062254709034377       1.3685852157151908       1.0207929551435215     -0.88149647116932717
      1.4726383001654415      -1.6616904265867711      0.35802174014477905       1.5301739920927193       2.1587541053196668     -0.83573171303451965
      1.5480908054687845      -1.5732356611102223    0.0069135769395451893       1.0988612919930545       1.9136207500188107      -1.0305823897105812
      1.4661948813806507      -1.6422795944009596      0.18013490446142516      0.96836193110157676       1.2956544079070302      -1.7352540904830851
      1.6827723635229277      -1.5240812330788771     0.019132917874201988       1.7332156757642736       1.5947143893920479      -1.4890280620238974
      1.5797276936707514      -1.5257667789772205     0.051760734991344245       1.4182235921345163       1.0787963680096129      -1.5028057402779218
      1.5920505872493869      -1.5394240375364772     -0.14044504733000862       1.5372130631292005       1.7860273424362612      -1.4305027108295805
      1.5228725644365548      -1.5413861466723284       0.1437425788676561       1.5176075383006047       1.8964787374581999     -0.86714391699817051
      1.6157687976989497      -1.7114870456610562     0.084858674913569243       1.3177226125441945       1.5390486774265919      -1.0945680709592238
      1.5955608449131455      -1.5572226460450547    -0.071235792028992689       1.6995743550646198       1.8404574516915568     -0.50513386646308567
      1.4998796739221572      -1.5850026349856448     -0.13714216983140406       1.3238449934368499       1.0831754471723187      -1.3375381621488853
      1.4760003415623404      -1.6295836447749932    -0.037413061803191941       1.8179282878767098       1.2863637198328153      -1.0870899053997372
      1.4525154324385232      -1.6807646243481567      0.23140070842340549       1.0551709929890711      0.88359113242596754      -1.8371363578208917
      1.5152341967189902      -1.5537564533753454      0.08124087869910443       1.1825316464306381       1.3164480135936452     -0.54498463066340386
      1.6033337096513474      -1.6096301392073944      0.32297597831033975       1.4744611757195241       1.9568951984835465      -1.7619507651165591
      1.5978766226323831      -1.3557289295746808     -0.22038045557793848        1.602228763143325       2.3733047279309933      -1.3964132962469147
      1.5705815681031483      -1.4540024437347427     0.018070643652679533       1.2814817874456763       1.8654338261172532    -0.095213552567652515
      1.5099453824234144      -1.7615759183013415      0.29881534037924817       1.9005908042007655      0.51925889756626686      -1.5041434025735902
      1.6271524208187742      -1.5995896119890018     0.091068258390977902       1.2498254465878873      0.73811237271689012      -1.5895355706217851
      1.6814352992830799      -1.5260277274536638    -0.075587445803226433       1.4823407114563079      0.99519248712336994     -0.75709442220038059
      1.5519068960562135      -1.5202691535971193     0.056430533637269326      0.97630202516725162       1.6072815421688664     -0.87774180403672442
      1.4209701215630635      -1.5654550378007119     0.028705093386853259       1.6172545400969316       1.0331362197597276      -1.1931342060043513
      1.6481497601394777      -1.5923029349281999     0.046005663798643404        1.174130360490816       2.1611218077400873      -1.1720613044624923
      1.5010215410723715      -1.2563928367999144     -0.48639199314594517       1.5572780618424769      0.90558404442633977     -0.84977727065218889
       1.656295212197751      -1.9194718604473009      0.46339445347313524       1.7380342647409863       1.6422937500327421     -0.74108011607321322
      1.4842991108853376      -1.6518546342584641      0.23831452330859298       1.4121107706061775       1.5854026248397248     -0.70348499478216042
      1.4787531914724164      -1.6778441098935655     0.090892388594155604       1.3841218686419561      0.77769611298119035      -1.2225443531853519
      1.6032805313723313       -1.688430052318737     0.053915883813013793       1.4269328611879004       2.0001754115900807      -1.5601742637807146
      1.6267128814558713      -1.1601391943307646     -0.65857636039122358        2.166821028448088       1.0648382086076533      -1.1776768999059015
      1.5473752471056439      -1.3144994751923145     -0.25521870853409478       1.1508570403605409       1.4279484103267872      -1.0350563693589756
      1.6287648977053304        -1.50319995319059     -0.23583161059093236       1.1018151154886171       1.4119959544198375     -0.59002012477849675
      1.5051685823995768      -1.8901314878006497      0.28655466595145263       1.2846260878274314       1.6897763751568935      -1.0659374937586223
      1.5788420591101604      -1.3396515783284606     -0.27549187903368666       1.3631268229438209       1.4393250172935328      -1.0982210859822912
      1.5940105844942263       -1.600629645856158      0.03568644002058291       1.6723003305919746      0.93648658116918848      -1.3142991075579449
      1.6849794209017801       -1.483933262079344    -0.078579726899546398        1.790192712877249       1.8922847288480615     -0.35345079030406001
      1.6502025946748495      -1.4705026010196049     -0.16834093474226891       1.3372317305403054       2.0634216437893196     -0.47786615077516992
       1.535023258969421      -1.3211224028555784     -0.57574294848416696      0.84607856492480715       1.9409646911076193      -1.3677262726778492
      1.4646177358036021      -1.4422326611569352     -0.10246648518850759       1.5003000336123997       1.1206267179615441      -1.7239119584870752
      1.6676757032008409      -1.3567261010405589     -0.28288909356273351       1.2060675349029706       1.7943103794258375     -0.73752264786250132
      1.6793733253450891      -1.4703317830287042     -0.20291176565778898       1.3057749295666867       1.3715289861078583      -1.3698488399036433
      1.4832504304838565      -1.5879384201405142      0.32196593458002321       2.0023386974190593       1.5388422981798064      -1.0424048147152274
      1.6515038394714363       -1.711652501096806      0.13135823282130898       1.1957866587701829       2.1296803732063694     -0.72719278259451026
      1.6807755643365396      -1.5029116868681225    -0.099279915411328204       1.6437387712152807       1.9551460136779548      -2.2466690513006915
      1.6436669587321842      -1.8354005218592244       0.6085527341429452       1.2742512097351533       0.8897031270664445     -0.59274010979169645
      1.5963499964033174      -1.3283271941612889     -0.23060917312751736        1.452711385853966       1.5921615385066337     -0.96545675133321529
      1.6845751689054451      -1.3954484293705551     -0.48346198783533251       1.1517294194142185        1.559997554035301      -1.2241941035822757
      1.4872963153918215      -1.5377854459479532    -0.046072277075173931       1.1557459171209397       1.2980414635704431     -0.52000884005474057
      1.6962538213025522      -1.5361186723030535     -0.19709977819466637       1.0422662539812526       1.6525445269168662     -0.90791297126221515
      1.6483421167157428      -1.4770464468545086   -0.0019512167521393564        1.734666820777949       1.0516630385720416     -0.97084845959511923
      1.5055136606911119      -1.8457552072450283      0.31982236418863014      0.96627492642306811       1.4527287372626869      -1.1337988501659217
      1.5080761747435476      -1.3125475113758704     -0.14752140545443537       1.7894912572321586       1.4762116082345227      -1.2000434532133852
      1.5611688226733418      -1.7396431435372994     0.096905183795371302       1.3308106271736542      0.85708709557201412      -1.5049569287572329
      1.4163544296256074      -1.6039327203172165    -0.011655264690355681       1.4925985678291456      0.89673053653570545      -1.0127432324911909
      1.5324892063272078      -1.2951943466240479     -0.25735134227726675       1.7350775395409315       1.4523339659141818      -1.0733124247832881
      1.4839853336151487      -1.5976029188639977     -0.23735513662764501      0.97152172639505407      0.97319800285455682      -2.1110285550941565
      1.5677095624128004      -1.4416627480533222    -0.020057892428626069       1.6052769932109334       1.0095348466421559      -2.0941012055967883
      1.5491033682697783      -1.4513825380010144     -0.28082036378682929       1.0610493736669862       1.1866256007294722      -1.1823449310117351
      1.6530251229695165      -1.5711049647172881      -0.2510722868097866       1.0110442552125372       1.2990264127153037      -1.1025587599402877
      1.5867018319809878      -1.4877487635114157    -0.079907975955465824       1.1690317446105261       1.5126815294791223     -0.90489784585746647
      1.5388484076671767      -1.3688292570638945     -0.30287273203599119       1.7760289557069802       1.5196210776642631      -1.2861005348146097
      1.7088520587369584      -1.3138143297813976     -0.38793110016750088       1.9198114389409453       1.8001984621945699     -0.98192159682941782
      1.5185662536749884      -1.4886046375482316     0.053780925457275239       1.2758630045293331       1.4119059818269108      -1.6670063691867485
      1.4883404614377669      -1.5143096606633479     -0.35661615921548123       0.8361433151419152       2.5246851020731107      -1.3452111330335514
      1.4873444132408324      -1.8450438751195579      0.41718276360051959        1.680913857434565       1.6838333765026299      -1.4520302339761841
      1.6353706704817883      -1.7337323562131843      0.24854768379276265       1.1779377231739998        1.730770646223992     -0.56263907273777314
      1.4680291321103773      -1.8632887556888182      0.30014571624419228      0.86483410688487927       1.0118711576300501      -1.2114975966931623
      1.4619135141145785      -1.4710862266126301     -0.08216484419558244       1.6310432818681231       1.7336351513135735      -1.1691180994629844
      1.5894991615141307      -1.4220400993535742     -0.28078613120657103       1.6433141492534116       1.3400215792876957      -1.0754690198747356
      