Sun_Mar__9_17:57:06_2014
28.1197790866 -12.0786216609 70.187560139 12.9262942949 17.9513290151 8.27547247245 70.3386776997 11.44092169 31.27763981 -9.82464394638 19.8071923401 11.8095641208 21.1239968549 9.85574202344 21.6582393777 7.70375952074 68.5266418613 12.6919914277 29.7099214413 -7.67204817729
31.5087631583 -11.0988363232 70.0352329883 14.6249052536 20.8507961729 8.04310452353 20.0050937224 9.71227741757 19.434392299 10.2294704441 30.1017700494 -11.8823896421 19.3794993029 10.1592273741 69.9912058355 11.7558276593 69.9404371332 11.6392898673 20.247910608 10.4301790672
29.5474051755 -11.5085142282 68.9417553829 11.3610414141 20.3700043662 9.59530434886 19.5185613524 7.73949201279 21.9026763718 11.3073320732 32.4943079154 -11.6821140816 19.4513651101 9.97837721572 28.5153923328 -7.78810229969 31.2713063081 -11.0445256744 68.5148043225 11.2009288782
31.1541234783 -12.3692825827 68.5920430997 11.2760794555 19.9503803335 8.3885270772 69.669256034 13.7199643201 69.0895195615 10.3572706634 32.0520937995 -12.2639803258 20.6672737151 10.7812362718 68.9362853082 14.2735522525 29.8100303783 -8.69550650616 67.6365952336 13.5881662852
30.7137740377 -12.2838553499 69.3296797334 11.6487502011 21.7073675061 8.987526804 19.7225818087 8.45318926682 69.1018575047 13.9810265771 17.8310927194 10.5326417852 70.7858906459 12.1353435937 20.2162481576 8.51189545106 30.9723895163 -10.5978954519 20.5243140375 7.87022380127
30.2478199103 -8.3122006834 69.7531451653 11.0415183361 21.9583648105 9.53781083837 21.3316840186 8.68289271619 71.4096779717 12.343790265 31.5746499334 -12.0908940973 68.2294498971 13.8636695822 19.031398847 9.23156038191 28.9926182047 -9.93736347713 67.5235735515 11.4082436687
27.7610448731 -7.50987652882 67.9374390165 12.7073559614 18.4884130084 12.1541031103 70.1497498185 14.8071360105 29.2555639512 -8.12931023813 27.6347739993 -9.55769891939 31.6505310601 -8.5478566388 22.0961344969 8.20698458401 19.9075678994 9.56065961419 27.8384719103 -8.46367856116
32.426185245 -10.5225522346 69.7247408339 10.5619985018 17.8231781844 8.68586550961 31.3039704516 -8.21901775215 68.7069050645 12.8469769327 69.3758525588 12.1343446261 28.7824157175 -7.66266374598 19.6093506418 8.69364685165 69.6593135213 13.4555312563 18.7780508795 10.5980278586
31.3052660411 -11.2250273411 69.6710823683 14.7094945989 18.6149486173 8.61209325399 22.1964479831 8.90396613435 30.654027837 -10.9115868079 22.4918212237 8.45219371321 22.4971573711 8.53508105069 72.2085475802 12.7936828868 68.311745845 13.5403239817 21.4360828563 8.11484013628
28.108585941 -11.6964814144 67.8511015424 14.1862153235 18.0888964171 10.2864388245 22.2641573273 8.66740455122 30.361549756 -8.0509336906 32.1725257915 -11.6736828198 69.1537107557 13.180529753 22.2190793175 12.2121037713 29.8380627185 -11.3102037573 28.6201139905 -7.71765167109
28.9854152206 -10.8404733616 68.4405906505 11.4459129242 21.8799364223 8.28894583994 18.2181731701 10.3330606379 19.5721845959 10.36647025 31.3744877349 -9.0048271301 27.5545708332 -11.7958702731 69.7020617242 13.7397665633 32.495369876 -12.0428619644 28.6468823663 -10.8350987407
30.2228929031 -7.92064432515 70.4379021137 11.338943048 20.4546021387 11.2855937632 70.9898706628 14.6756556784 19.5250892822 12.0694838598 19.3914347527 7.99105908382 69.8594013452 11.4899877211 21.0595326284 9.45166274243 70.4361028525 10.6651149683 68.8382081936 13.064406021
27.500604794 -7.67895062177 72.3748192 10.456166163 21.6889317144 11.0771477094 20.9603435062 7.72844153423 29.9423052835 -8.3348897968 19.4035259883 12.3813894085 30.285090455 -9.38832765268 20.3663136246 10.7955765812 29.9108107068 -8.23880718847 18.4177807917 12.1081399011
28.373152498 -11.1974613743 69.2063695107 11.843359136 18.4909796117 9.56783189145 70.6808298548 11.5697724691 21.8012888196 10.8773566131 71.9561202909 11.1441886333 71.4142216254 12.3315944987 19.9268580604 12.3042158361 17.7363257606 9.79254479168 70.2849965576 14.1091045581
29.4314333401 -10.8431368707 68.6618139689 12.1659884612 21.4459330521 11.8171529696 68.8394660411 10.7037736505 70.0672817692 12.8786620103 31.0192105992 -7.51988637518 71.7468307452 13.1301569304 31.5607408573 -10.7077532473 18.0441504671 10.1546169805 21.6163686588 8.18197950321
32.2752685089 -8.28968781618 70.7674528382 14.1878231683 21.002983598 9.82771109847 20.8746098501 11.495230446 68.6342434023 10.0455869822 20.3688874681 8.59623663934 20.0149431915 11.7187663016 72.3820107626 13.8826398682 71.4185833093 11.5829789987 68.2268390215 13.4446239405
29.6679026587 -8.69458807148 71.4540186088 12.630297109 18.6177885921 9.44948878933 71.4457144552 13.4535498275 19.787395384 9.3199531897 68.2037775911 10.2320729161 19.2096463467 10.804254582 72.4612366564 11.2498099073 20.2881336834 11.4466170446 19.3259448487 8.73921961184
27.8319029699 -7.85729665775 71.4731261383 13.6309367024 20.3955993662 10.2725926788 67.8548560683 11.1271339986 70.5669532046 13.2790567065 71.4792141334 14.3487046505 31.574335406 -10.6324273793 69.9555046706 14.7376182996 22.4892902822 12.0005181362 17.9047847957 7.85995917521
30.8441304846 -11.7823465099 71.38310391 14.4966504361 19.9170627977 8.80536026154 31.0236567123 -9.08651889581 70.0648334794 14.7925700796 27.6289629744 -9.48872295939 72.4544442908 10.9222260777 32.2714249948 -7.88857848432 20.4092755741 9.48384718531 29.097438968 -10.2919965394
31.3904320929 -8.6874877056 72.0846956766 12.684591609 22.0892792628 8.18151027351 69.0283871536 10.3023987706 19.1481973798 10.8185435043 31.287032069 -10.6429885203 20.912043418 11.4069797563 70.6570713167 10.7446277424 29.1059000427 -9.98409521756 28.7170286857 -10.5257691898
29.2046821026 -9.26234878153 67.6450970218 12.2284913153 22.3242659469 8.12653385566 30.7679832753 -10.5398107134 29.8504389066 -10.5539535405 28.7146468418 -7.65333023334 22.1725011626 10.2333247467 69.9239579667 11.7174395139 29.4831219535 -10.075893267 28.1854844023 -8.19058909071
32.0006841199 -8.99752433936 70.9515471026 11.1078622291 21.9288379851 12.2587509193 17.5230150702 8.46094809099 19.2329103949 8.4862251607 27.8246505544 -8.18440242224 19.627380765 10.4373460484 18.3572209322 10.2761654049 18.2544458922 12.1871605155 30.662868011 -8.79851574096
31.8877558208 -7.75953884886 68.3305153969 10.1564928024 20.7066517975 9.20554851822 28.8962108782 -9.74647918289 21.0447631074 12.0454488679 67.9289186529 14.6530849119 69.9209694128 11.4508716288 72.0741170166 11.4536942373 70.1905685778 13.4899530678 20.0636072621 11.6475706693
30.6219516076 -9.5303742344 67.948456019 14.2391904322 20.0916857079 10.2956999006 21.9252989657 10.6350960894 69.88497145 10.3522422014 68.4168443126 10.3971213765 31.1978290696 -11.6135590272 20.2509942028 8.45426095685 20.6461608049 8.22540122924 27.5359952936 -10.3802737882
31.6517422828 -9.02764631078 72.3342197278 13.4948727799 18.5287484768 10.2520961071 21.6337323262 8.16118126092 71.8544121942 13.6780015037 32.2394891068 -9.75665120039 19.176510942 10.2613382394 18.2820313975 7.79639593571 71.7784808076 14.0202075653 31.2839533009 -11.1964050044
