Sun_Mar__9_17:56:32_2014
28.2868960212 -10.1359757164 68.3192808198 13.838522848 19.8025898854 10.3770645225 71.2277081905 12.0218470385 28.7064772911 -12.3573079104 18.1410721673 8.13711012044
29.3263345201 -9.56375065091 68.8217355492 11.393662157 22.0737311196 11.7297121723 69.2292856835 11.8264396877 29.119561197 -9.31670216786 30.4445793092 -10.9560437597
28.9973387494 -9.91559751313 71.2951948495 14.7915338534 21.6408652733 10.6292779921 69.6411031534 14.3779456612 29.2848154621 -11.4282000151 18.155356782 12.0526636035
28.5437762401 -11.5789591777 71.144309963 10.637241215 21.6532633336 8.51661259532 31.1377497887 -10.727924801 70.6059068187 10.8327363519 21.0070868982 10.2823165464
29.1209217163 -8.59162019539 70.2079824154 11.3205477379 17.5062944102 12.3661725797 22.2137447366 9.49473508381 31.1347746165 -12.3911326955 22.4349814859 9.59385364076
31.4212866758 -7.55292694026 71.1798977585 14.4237848989 20.2408982618 10.624989007 72.3351048428 12.2502598837 21.3376396723 10.4784542324 27.6597720522 -11.4820512913
28.7478144862 -9.85396107181 70.1195929306 10.6856215822 17.6537833994 9.87060762336 20.5445984273 8.45707321535 29.4862653095 -8.59254421302 29.7189732076 -8.65930072079
28.2848030183 -12.0729794208 70.5507603355 14.9338868832 20.873490406 9.75544484063 71.9673105104 12.0886398182 71.9883982775 12.3238172625 17.5321227643 8.66803078677
30.7760808825 -9.22192970101 72.3391972491 13.2446825005 21.2470807553 9.74552328202 69.4363344603 13.0345514581 19.9101897157 11.7145211993 28.431808637 -8.98775487555
30.176477387 -8.76133324584 68.9874095816 13.2674806319 19.9062531512 11.0550343055 70.4700033127 13.8671247572 30.3730760262 -11.8428143547 28.6389411277 -12.3086045211
29.2698748901 -11.4882744519 70.3417575438 13.9547474413 19.355431718 10.3681033033 19.8259548225 12.1873915535 71.7819164772 14.9377928156 28.7809150326 -12.468225414
29.3008362081 -7.56694270752 68.8754753689 12.638121304 22.1384716425 9.71315672152 30.4627383014 -10.813254991 69.1766854067 10.1894346261 30.4313383124 -11.5301911044
28.9740217959 -11.0988752882 67.994180637 11.1196027981 21.2976246814 9.21437455688 18.038580454 8.05054266525 31.1855079634 -9.07435157226 31.9825680578 -12.223540625
31.872457604 -10.7728454242 68.036325072 10.0366151273 20.1127678338 11.3065977792 71.5799835045 14.0941714449 18.1951466147 10.0958191586 21.2967473455 9.96600925959
28.0582649898 -11.4731798175 72.2305744228 11.4403633457 18.7201916573 11.9510264422 22.1093774862 10.2978333569 17.8425112802 9.58867142199 30.025607198 -9.6120106576
27.5320990899 -12.1418251148 71.5207075257 11.6327701785 17.6189652505 9.53322525686 29.6689743089 -9.85133760221 17.998628096 11.7727228879 20.6109573576 9.80208104411
28.2006246054 -11.015636143 71.5123634407 10.4630247047 17.745692659 8.23266552829 72.3104430543 12.2706014288 18.4805670939 11.2223702676 72.4171623788 12.9863829321
29.6619417275 -7.51374561722 68.4145462543 13.8482687043 20.8014967027 12.141538599 21.5984059553 12.2798441372 18.7297280209 7.68059177776 21.5049396375 12.0554455666
30.6418164352 -10.6109839067 68.5610853298 14.5610426428 21.197106209 9.97761914794 31.2159496273 -10.6356179187 27.5416815416 -8.75546954735 69.0968653739 11.351937209
29.3150423254 -10.9300348677 68.8036439196 11.7789923007 22.1987351761 11.7778681247 69.6240334317 13.1347452935 72.1821402754 14.2349532516 31.1180445189 -11.6698250111
29.3716577478 -10.0072561598 71.7389919719 12.9822528795 21.6424576615 9.2041076371 31.864985862 -11.8396113689 71.6438095401 14.4837877943 32.0119212237 -7.50813932259
30.0923799494 -11.7221217455 69.2906841434 13.9214294073 19.6851006329 9.41081378916 21.7997841761 7.68189539735 27.6240988429 -9.3801322003 30.3116530139 -11.1138847603
29.9986732546 -10.6854404221 72.0548753266 14.4012060668 20.3571755998 8.80455030955 68.7239693789 12.1904854449 17.9043180541 10.5835462206 69.0809813325 10.7638396597
28.7992623483 -9.75923730777 70.5205152665 14.9278422318 18.7782552422 9.67603028063 69.5169938782 13.2235462275 70.8602351899 13.856995475 67.7122400035 11.0289162287
27.5948583008 -11.1340971447 71.2634047929 10.2101201484 17.9115310523 9.39362803808 28.3644300874 -8.37146693555 29.9242577247 -9.74321886965 18.0778856636 11.9028888767
