Sun_Mar__9_16:47:19_2014
30.2143316585 -12.4151971008 70.0477016192 10.0117294381 19.0203804556 11.4617543927 71.4584385898 12.9257110059
28.7103805126 -11.8311954312 68.9904980789 13.3648206565 17.5886387382 7.78807880939 19.8933608197 7.76393261163
28.1614932266 -10.5505268635 71.025827728 13.7616071559 20.5141724158 8.09156073421 72.2025731597 10.846991877
29.9371695708 -10.6667544784 71.3793114596 14.2553163236 22.3381052726 11.4155013764 31.2848962524 -8.4694903329
32.044562606 -10.103863776 71.4662237956 14.7066413879 21.6212362614 10.270727091 21.2362162742 10.1126589016
28.3896911121 -9.11315370569 69.8580489254 14.9890140954 20.1085085067 10.2965352104 27.9030030968 -10.3471676702
30.2115253921 -8.43003796925 67.9781944672 10.794376192 22.2088020537 11.381292991 20.8421938455 8.124148756
30.8866240569 -10.2504688031 71.2024545339 11.3293177953 21.6269872482 10.7565639205 17.5309062888 11.8708303237
31.9739402526 -8.70858423777 68.9732849663 11.3922556743 18.980062463 11.0650871044 30.6527809169 -9.98315965309
28.9444190116 -11.2660008329 68.6088154256 12.4948924493 17.6456922298 11.112829723 71.708634273 13.7121771954
29.5296700497 -10.9777621026 71.6035224764 14.2837712375 20.8312702633 8.49804835502 17.8061226462 9.59033765014
29.6341286558 -9.84879250226 67.5587778554 11.7717020063 21.7006740867 12.2946612274 20.2764548237 10.8632580034
27.7581929025 -9.71412270313 72.2860852552 14.9306523718 20.3732457661 10.8014687363 18.2508216522 10.8677000772
27.7085213268 -9.3860519736 72.373128694 12.3809668472 22.2481677107 9.10718121897 19.1400103424 8.78930085452
30.0651216841 -10.1976163472 69.468615983 10.7261841158 22.4736477405 8.45912353049 20.36868526 9.38675984763
29.3892008751 -10.7948780006 68.3528425182 10.1570516846 20.5905271952 10.2502688774 20.14784345 9.75409064183
30.3148309321 -7.98418697282 69.8916900264 10.6060531005 19.8805668246 9.19175416172 22.440453351 10.0355515722
32.0064787753 -10.1017809993 71.3883559865 14.2415449725 18.9615791811 11.7002299761 71.1148659138 10.9571839085
31.0614154469 -11.6599268209 69.8743502216 10.2736765804 20.015228846 7.60036452864 19.0586616982 9.94870003588
31.7228468089 -8.03699748667 71.7592204396 11.8330974842 20.4455050077 10.6727197517 67.6990412563 10.1907901992
