Sun_Mar__9_16:46:45_2014
30.9884916132 -11.4243368075 70.6447339823 13.2696146575 19.5105799652 9.93234980616
29.0009477241 -11.3785329908 69.6539454747 10.1254473745 20.0295779367 8.71470649527
31.4369112721 -10.0133694733 69.6368645809 10.9872904406 19.2849411559 12.2141776482
27.5919550262 -10.1794271511 71.5301936361 14.291800129 18.2457626727 11.0280737679
28.1639110627 -9.12399106412 70.4881248734 14.3821527823 17.8233080036 9.53889962182
27.9349020372 -11.1069246169 72.0246935597 14.506486738 21.1569087069 9.61693767071
31.3109445704 -10.3305839363 69.84370775 11.059441525 20.7036022986 12.3050973884
27.9571938464 -7.52132230989 72.0495071038 13.5440461842 18.2194970459 11.3928283823
29.2025458281 -9.65823002923 70.2563516386 10.0786906873 18.341089463 9.68925272658
31.569699994 -8.02126140395 67.8105946514 12.4360967807 18.4253682718 8.78335157309
28.2493452712 -8.83755507552 68.6098275284 13.4417338882 19.7338987465 9.88563391847
30.3762883892 -10.3015707718 69.7933340806 13.0083091604 21.0350196941 12.2185012418
31.667079348 -10.2121549663 70.3368552021 14.5617221073 20.5097031688 10.1704308779
27.8049702621 -9.28090672267 71.1187509026 11.5014351849 20.4138662644 10.2626318269
30.3052974666 -11.6847686031 70.196549739 12.2036103697 19.2142692814 8.94133193731
28.1348602099 -8.99106620103 70.4529681864 13.2368485562 19.4462802869 9.14159959176
28.9423199661 -11.4511764918 71.8942596997 14.151391089 21.8284299223 10.7702723253
29.6451907249 -8.66622487672 68.3347256326 13.4900574643 19.666692191 11.1678624199
31.5093182646 -10.9791033656 71.44431299 14.5539743046 19.6930130745 10.2439474583
28.1325841378 -12.2606472094 71.6238257173 12.1949336115 19.6141434591 8.53606631619
