Sun_Mar__9_17:58:10_2014
28.6965833865 -8.5520300819 71.9047715023 12.9431935303 17.6985730897 9.14687192162 72.1684854174 14.1739328392 19.1722920871 11.6575267063 30.8871360456 -9.73923578725 71.2630906748 11.1501002026 21.1618602948 10.4541258292 31.3859649865 -10.0467240719 71.079535949 10.7678340793 30.6632333877 -10.4502132587 70.2683918962 10.914388283 17.5675991373 11.7764359647 17.7160601843 8.13780117728 20.2074619848 9.38635127041 68.2380522225 13.0845039771 67.6460371977 10.0579637789 71.8410904076 11.2346028762 22.2488332303 10.4112689241 68.2163755961 12.7211602052
31.2199391959 -9.28773276398 70.6080161943 11.6310542136 21.147707662 8.07043270685 21.0725061317 7.5615030276 72.10262979 10.4992691339 32.3337255994 -11.0912178502 21.436388314 9.79454902406 71.6434670703 10.9958553601 70.6629940711 11.4283915654 21.4466623347 8.05016723963 21.0873039672 8.44005244346 67.988526808 12.4083702894 70.0574443886 13.402546171 19.9651915107 11.7158413355 22.134406858 8.69211552731 19.0795440491 9.01736828653 29.8732405585 -11.9332387275 21.4611839606 11.6598667459 20.5041793723 10.9831276003 68.7893906152 13.3995380043
30.2933347275 -8.92575412435 72.2093985974 13.8848226562 18.5051232327 11.2690581667 27.5733739237 -9.09667995138 21.8402211994 7.63888032702 72.1983490409 14.3408216216 69.8694509293 11.5456020065 67.6960675969 12.9208872563 70.1793759686 13.0590500286 19.7463459074 10.3406717548 31.1728634418 -7.62996888744 18.5813788426 8.8159807923 20.2379093261 8.11875025638 17.7968231888 9.46194836193 29.912522729 -11.2214421139 71.4169730111 13.4649567308 67.9563132057 13.7555245735 21.5772223425 8.71264761656 71.5746041656 12.5140725947 32.1298073447 -12.3228358562
32.20057436 -7.9099946847 72.3610202181 11.517726468 19.9356829358 10.8721937952 28.0808307663 -11.8598666795 70.7965475105 10.2937203664 71.8088050681 12.7945126556 18.764628323 11.3641516803 70.9764365028 13.813930766 27.5647744232 -10.842699265 30.3500392725 -8.79456998762 21.9490597517 9.04240845199 21.4994833846 8.47778735646 31.3027243741 -8.3923757752 27.5327896245 -7.68840878285 29.5724749699 -11.1340447861 69.0491388539 14.1985968466 18.668202594 11.9904149177 28.2976940439 -9.15818985534 19.0907313412 8.52019109229 29.4934692818 -9.98036498951
31.1065628336 -12.1640347004 70.3682103564 12.2053028127 21.5954823121 11.881155352 31.985974867 -8.12719755431 30.3191661197 -11.7833323848 68.4942127112 11.8140109608 71.128445216 13.0983794886 22.1615396736 7.85241266581 67.6787208128 11.5959845697 29.4732172412 -8.56647331831 18.8469839013 8.24105617086 29.2286458008 -12.4816615249 17.9236418317 8.98639382381 31.7488327152 -11.7426514958 68.0786159939 10.5574277556 30.3043747151 -7.77906668225 31.7996333198 -8.50944650416 29.1470309968 -10.192341204 27.9427798802 -9.7818537315 30.9786114199 -9.17650630977
29.5088544398 -9.09864826636 71.79936929 13.6992499942 21.9357115095 10.2696786591 70.9774031751 14.644936802 28.7509580828 -10.2389007999 69.0898432716 12.5106210037 20.437770578 8.46887833111 18.5730366519 9.57627663818 31.9057168755 -10.8675482035 29.149212009 -9.98911013969 67.5612847371 13.0415739417 31.0594998144 -7.51637089372 68.4338392145 14.4105311209 20.4735486565 10.0931942076 67.9393186568 12.8404553373 29.9834345115 -7.73281500649 29.8605403656 -11.970359638 70.2048584175 11.1307899365 18.0996854336 9.58302011124 29.2930514134 -10.4827666557
27.7847092546 -10.6039759572 69.4930335903 11.0462495301 19.0154839308 8.38513660451 29.4121491473 -10.4213296764 20.5397166812 9.98619982371 70.1220049957 12.3361507712 70.8042418525 10.5290727845 28.0091293431 -8.14510882381 21.22732945 8.40894912491 28.0260206645 -9.14966843748 18.8549344422 9.34694423453 68.8805454728 13.5058123965 28.8467945666 -8.40611928628 19.3271703094 7.55551696922 20.7487150572 7.73285230585 19.3981778407 7.87860424514 71.4460450154 10.2319749903 22.1157750285 12.4642576702 69.4963538261 10.4846145532 20.4090403856 7.76130053186
30.5885763987 -10.8663821504 71.7347416917 10.9730347757 22.1654919825 12.1009258286 29.5844053851 -8.39265360831 29.3614395583 -12.180335978 29.0808737854 -11.9677453528 22.0915955379 10.5223035175 70.5013096477 12.4657776105 21.815791825 9.76305108431 17.9070801979 9.85234865265 29.3404435347 -12.2075191242 28.0995630576 -11.0818418935 21.7631487346 8.94542555676 71.6057908981 12.4832916247 20.2789144648 8.67588253329 21.926066619 10.0689551269 71.0244738375 11.8772314819 20.488751262 12.3397442999 28.0934761721 -7.9518128549 22.3629161321 9.25818755166
31.8408496647 -11.0353576584 68.5772604512 10.9922487318 17.9821418247 7.5047637038 69.5397440278 11.6821555559 21.0580092519 10.1764458872 28.0104048144 -9.76559622473 70.3104824508 10.3407916977 19.5331016339 10.3548356317 19.2057809876 12.0844833843 21.3694604236 10.1790176107 28.3866459705 -8.08330885063 68.2467172337 11.3020293628 18.2398300195 8.30431665859 67.7474859204 14.4979487515 28.9403813699 -7.881120596 20.1796735215 7.5745095126 28.1936389407 -11.5106869702 68.092638508 14.0020285214 19.0217502989 10.7452573627 20.9341716116 8.92053783687
28.6741233011 -8.18112400624 71.2215528358 13.9195419615 18.5347484734 7.99561863481 70.3177292559 12.9329537075 71.1307822628 14.8430548997 31.8526789394 -9.07631413471 30.0287578885 -9.47058585085 31.6547853933 -10.5755416538 19.7436445135 10.0129182093 67.7145066329 12.6105892886 28.2338136855 -11.9707817536 28.8638797898 -9.87177088433 70.2213374976 12.0487514026 70.6860465511 12.5729418372 22.4882927051 7.93017156317 21.9940774695 10.9270831999 32.1264235637 -8.31185551207 32.0466609399 -7.75270167117 18.1645209599 12.1006783069 69.8096639281 10.3530457174
30.6242070614 -9.61291957648 68.2761198689 14.9700744512 17.9006640101 7.50991789509 71.9831492222 11.2587796227 20.1605001066 11.0125049528 18.42435668 11.1838485975 30.6464416777 -7.68802017053 31.5548969332 -11.8897501212 71.7806405749 10.6220199987 21.4524295749 8.00659888034 19.568065851 8.89841404399 29.5219092596 -12.4901076986 67.6304214503 10.1589264873 69.2919986284 12.7201656637 69.3473434479 10.4474417069 28.207122284 -9.87035450989 70.0940960272 13.8333219779 19.4247238617 11.3927991925 21.5452838535 10.3999293143 30.7980541519 -11.8167880641
29.3495834688 -8.3712083148 70.3442921796 14.3613954916 18.8574794156 11.3199603724 22.2878578646 8.89791717549 31.3588702443 -12.1971585251 22.1432197306 12.0025072902 31.9905258511 -10.9326099256 69.0168244237 10.3933816124 67.6998601044 14.3554654502 20.5232342038 8.0006902922 31.1451299399 -10.0354101692 72.2739344304 12.6957612611 32.3949622791 -11.2200764214 20.1583827148 10.5405488083 72.2173298303 11.2552682406 18.0969478458 11.7089434435 21.4344039918 7.98392437284 30.8314527159 -9.85305808359 20.9071998336 7.56030140596 67.5486356453 14.4086850985
28.382557481 -8.12610180765 70.0093997627 14.0800567662 19.6808947255 12.3400885003 31.7123397648 -9.27900343866 30.0355482222 -12.0797062461 20.1272300813 9.69008566871 31.2219243826 -8.51858744462 67.687765324 13.5491769603 17.7869685193 8.20259916493 20.876083119 10.9150862231 30.4002410111 -11.1824052077 70.1526738014 13.0389544288 30.3465467994 -9.4457623609 18.7142332929 11.026233205 72.0352797678 12.692445392 22.1489221675 10.0527750092 70.5902015137 13.1558650583 30.2123552767 -8.40314100669 68.0694851375 12.7971431502 71.7432123463 14.7732418715
29.0993991003 -7.87023191623 68.0091376515 10.4187975324 17.7654928057 11.4029347365 30.0690896488 -9.98848535924 72.1662251716 14.122347789 71.6225633405 13.907503653 31.2558629694 -8.25895395976 32.479690162 -9.29354868275 30.4758334392 -10.7508962914 21.1189658461 10.3367085373 30.8631521934 -8.75351178886 28.6719538124 -10.5386634912 71.3529720379 13.1675673715 68.8032072936 10.5077356679 29.9979531149 -10.1762893608 17.9699977779 9.35330288982 18.701452941 10.2429419281 21.4043320783 11.5225493988 20.4143789763 8.08167022712 21.2274427011 8.6074980682
31.2994571951 -9.97797864888 68.4090934921 14.5176032013 19.5253103547 11.564575776 21.0268280677 8.28089225862 30.2816445682 -8.74988351626 29.0055469998 -9.90146584913 69.1369889506 11.7629292915 31.0500512307 -8.4659108536 18.1411609947 11.2271017842 28.2409236433 -8.14689822625 71.8055481487 12.2347520516 67.7382379864 11.5796763694 20.3575875261 11.3650649025 18.478688355 7.84897258322 71.1442505461 14.80741394 30.567416914 -11.2170120854 28.5399133902 -11.1541362894 69.8683130091 11.0836028281 19.7794949604 11.5280970977 28.6160396926 -10.0048735816
31.6457726382 -7.89548420927 69.5346572523 12.104506254 20.3284983114 8.14491171224 19.5375393114 10.0733314729 28.9844769138 -11.7420301538 20.9994359593 10.6495770201 31.4550696339 -8.51788210923 68.1221211935 14.7045012635 21.873841018 8.24638430418 71.3780222535 11.7803334857 20.4894001496 11.9270491293 31.5833389237 -8.73895331496 20.0875020551 10.8539656491 22.3137160073 12.2483370159 29.6319232589 -10.8673400711 22.2402610841 8.45423972623 22.3202068701 11.016072805 69.3154745525 11.5212947634 27.7925929406 -12.2369057911 19.2436615504 10.0005166262
29.3151313903 -8.33512944268 71.6827351723 12.5611891237 20.6402838027 11.0982744149 68.8474209455 12.4909798248 28.2349251304 -12.2077178471 22.2112855377 11.0950950216 69.5933734618 14.9037788292 70.7241818278 11.5352287543 71.9187039167 13.061411248 28.3395383809 -8.621841469 69.2744175461 10.6259221416 70.545006078 11.9588520816 28.1710077181 -11.8846830835 20.9746748715 9.99076051785 30.0603962124 -9.99410300434 17.8430625721 8.12079383522 19.8673017257 11.5097728861 30.7296721803 -7.54383342512 68.1288814539 12.269655941 68.1088161758 10.9951970386
32.3329877188 -11.73931272 69.5168304623 11.2719109178 17.6918617501 10.3109444077 19.037420014 8.98129326162 29.1441014968 -8.91227194043 67.741636237 10.5373814881 22.0953703989 9.82240443527 31.9277172736 -10.8687597428 70.627948479 13.9545452518 71.0131352262 11.2816049062 20.3971275036 7.55419107196 69.2354571504 11.6520134282 21.152174786 12.2576626233 29.3005665761 -8.79409672035 31.1999103442 -11.3890789859 31.4609953231 -11.710473361 68.9869691371 11.3871082723 21.5615180639 10.9618225046 30.0525919825 -11.1988613812 69.7957828169 12.6906673812
31.3939335404 -8.75815990829 69.6049915218 11.5726131195 20.4613150035 8.38822650746 32.3587235685 -11.4106779916 28.8094672676 -9.50049713222 69.1538827716 14.7597568224 20.3743649705 9.92060472328 31.4516730174 -10.7642021223 28.0107894999 -11.7311316065 68.0473116387 13.3665641419 29.9822113716 -10.3576744401 71.3633596672 12.3728975731 27.7816698741 -11.3935403355 32.2343146754 -9.65589238534 71.6506849183 11.7875628757 69.5220352931 12.2693102853 30.433975295 -10.6820679533 18.6342857982 8.54762607496 28.240648737 -7.62041916712 31.9587208668 -8.24658504009
30.276213077 -9.0586022856 68.328027076 12.6819001214 19.9410537006 9.10560762909 20.9596523459 8.6659579623 71.9294889419 14.0761996718 68.4530251746 12.0472685695 31.3662374627 -12.4480253906 19.9337234601 10.6177394988 17.8139203111 11.1652194228 19.1588143648 10.2467672712 31.2975213997 -10.2274827416 32.4461258241 -8.27250841848 22.0804902666 10.1519899632 30.2437685259 -12.3483982914 70.3335642319 11.3606979766 30.0684594233 -12.0766506266 20.034929103 9.22794647246 18.4741719678 9.61521045403 72.307915756 10.5161795285 30.4606447681 -8.12359257716
32.4093751727 -10.1522578978 70.9090151636 12.0202276167 18.2854702328 10.9042684858 19.1898119475 9.00145350267 69.7187966424 14.5179719069 30.6150934794 -8.71764070807 19.8138790224 11.1876381697 19.4776576301 10.058573124 22.2468472982 7.6545130713 67.5498964494 13.3513256767 30.696492482 -9.8318720391 20.3083963762 12.14290004 21.8414804525 11.3794592472 20.7567993861 10.1635439133 71.485297035 10.8677154891 22.0257068334 10.4940586181 22.2764456284 10.8328735218 20.4599365896 11.5990589009 18.9139971324 10.7283397691 30.0203111765 -8.62443037071
31.383990387 -9.09192376677 67.6994044124 13.5764337467 17.6790034845 10.646542311 71.7215472154 10.0698132452 68.6975128786 13.5186593119 18.9867921864 11.4712837442 20.9772015808 11.2545455946 29.0880075153 -9.82331810403 18.5334913271 8.1771352053 30.1566438243 -10.1479109848 30.1677937504 -7.69626956572 70.6567151671 12.1400649851 70.8452105996 10.3457473137 32.3749726491 -8.77737706867 21.0322125718 10.0791394046 27.6171408976 -10.2107746224 22.3973695308 8.39992274453 68.0159242081 10.0314869699 18.6659038149 11.3965005168 28.7515500723 -10.0536265722
31.5468504499 -7.71735985625 71.7092926597 11.0162345303 21.980390708 7.72033725088 28.49696883 -9.25503256087 31.7318736408 -7.72206404904 19.6682290259 11.8359940901 18.583927338 11.4712635012 71.5657722769 12.9182296202 72.3644761565 11.7460853063 20.2124790715 12.16342797 67.8246506245 12.5326547975 68.3248024526 13.458064874 22.1658845248 10.2031270239 27.9917491108 -10.9630648083 28.466100743 -9.71126764909 28.9952606135 -12.3840464889 28.3584100743 -11.0775246847 72.4602958831 10.3319859662 68.594755043 11.3923730706 71.4211138138 10.3411875984
28.1763995331 -8.40294204879 71.1934709605 10.6820142109 20.7522769673 11.1588259593 72.0374985695 12.9063906925 27.6498663726 -11.7851918745 18.536300513 12.3574930506 68.6678708063 13.6310841516 71.8310050341 14.1433177353 30.8417900442 -7.62832730687 29.6990577282 -10.1306801036 29.8833357319 -9.53513471324 19.2942702595 8.78407351668 21.2263817906 12.0953283679 29.8767717834 -9.54716063445 18.5796578361 9.13185553827 19.4984828624 8.2435102679 17.9329749074 10.1518382516 30.886299795 -11.2750469715 22.3397575049 8.83915944121 28.5638440887 -10.8396695922
32.050102588 -9.7257573878 71.2345111289 12.4185106796 19.3582310424 7.84016787287 18.4295502562 8.40767675454 21.2429379832 10.8328954669 68.683798353 13.0863622502 18.0465930664 12.2341281596 69.1694829144 12.9133331322 32.3845509739 -10.384199713 17.8636162244 7.77129098367 68.3892015588 14.7238203998 19.5035484408 9.5974713947 18.4300516496 7.61455858061 69.880388133 10.9637852365 29.333544126 -11.2065556638 71.3792328863 10.6257196365 67.7495092305 11.2609668351 17.7246879778 10.6360966224 19.0266695713 8.27776528905 19.7649421967 9.24744160808
