Sat_Mar__8_21:46:56_2014
28.7901083307 -8.07647019432 69.7572183994 13.1138215009 19.6858267029 11.3909908354
32.1038905292 -10.7432508383 69.9710009314 13.664299721 21.1097014061 8.59174443972
28.3344659116 -10.1492333729 68.0159733 13.3625507299 18.9146617866 9.87038210659
27.9899338592 -10.0628923058 69.9104171164 13.0958946783 22.0769645716 11.961422322
29.7336921734 -11.1839922415 69.3174928062 13.6010540812 18.1984935734 9.56903738485
31.0866321867 -11.2727428957 69.7599000405 13.6480375089 20.6529372674 12.3773517208
27.7557022197 -8.32763857469 67.7990359479 12.3992075104 19.8967144245 10.1282922753
30.3121842423 -9.4231826002 67.617692472 13.4582160703 20.0247329717 7.838626199
29.2762512838 -11.8096783709 70.1503754699 11.1144789426 17.7767312093 11.2788677849
32.1632535519 -10.4667929691 71.6256080117 10.9390782495 21.3436061955 9.29856716932
