Sun_Mar__9_16:47:53_2014
31.487727671 -12.4671504429 67.5532890004 14.2112204286 20.236622452 9.22285950127 72.0195311073 13.5064257081 29.586461357 -11.1462520367
29.6849676509 -11.0723385165 72.4481899757 10.5412871117 18.9077873701 9.40217805114 28.2643399905 -10.08395901 29.748594935 -11.0832752595
30.9289120141 -11.4705377118 69.3714870766 14.109420093 20.8637353628 7.80087629855 20.7223936145 8.56028118571 72.0712628515 11.6735600252
31.4631129006 -9.94535645059 70.6073120197 12.3954665758 21.2849849883 12.3219399134 29.9333728315 -11.648834145 20.1321966419 7.80532488535
27.5589214324 -9.79584045854 70.8939088363 14.0490630355 19.1743790529 10.3161913948 19.4679476343 10.8731240233 18.6776577097 7.77576791467
28.1390431402 -9.28818664231 71.778306932 13.571794551 17.5793793282 10.2871388657 69.3463443643 12.7270734228 19.2857149165 7.82916209693
30.1742503108 -11.0195345245 71.7425967887 13.6663029402 21.9677090955 11.4396314493 70.7953468302 14.6262576041 18.7867410182 9.62424012627
32.4971425741 -12.3413044854 71.0761060151 13.906506278 20.2548384718 11.7987920128 21.8084071984 8.15865700996 18.0768653101 12.0672575644
32.2711459124 -8.59359822378 72.0163341468 11.5905653048 19.5344797874 8.15141269185 69.8413089347 13.4811403675 30.7759425729 -11.1574456014
30.0701765274 -10.802162012 70.0586504467 14.6226760909 21.9678636023 8.6660953553 70.526354904 11.2233733352 18.8614132406 11.2057482993
27.7640336515 -7.63092979225 71.2508641246 13.1341748711 18.3943146927 8.08195970149 19.0078681169 11.6190804786 20.8686142694 12.2446361579
28.6143885533 -9.36575172748 72.4238358038 14.9774014288 18.1318902355 10.7947555208 30.9532879345 -10.4640221908 18.6317190498 9.16805157612
31.2412380803 -8.53728543822 68.1513252456 11.7799136852 18.4453600294 10.0397717873 21.5336614066 7.92645128297 30.9845960797 -11.1478999779
30.2676264272 -9.76167590816 67.5393169235 12.2388301475 18.2388513931 8.96655296371 21.1341512893 9.86460494483 19.203026163 9.18699127961
29.0923101328 -8.09308318138 67.6976264708 14.2260095346 17.7710066429 10.7114636608 30.1452643918 -11.6069465463 19.2922173647 12.4584122211
32.2559565611 -8.57666499455 72.0796360874 14.6670333651 18.9407631842 10.2420520817 20.7798697935 9.71515951341 21.6534460452 7.50579618324
28.8239414761 -8.02806879226 71.6551621042 12.6931251264 21.7705750422 12.0171601597 68.0796395379 13.5293387168 18.3136040703 12.3326739999
30.2055842257 -9.8973075206 71.5759878476 11.1954138972 18.1398694836 10.8265928598 20.8887437 11.9442827551 28.6313272469 -8.56841239628
32.0879419204 -11.2984459932 69.7950336101 10.9197307068 19.3638566566 9.79953947316 29.4093194677 -8.46057723187 31.8820082414 -8.05394013123
30.6804858241 -10.7137723994 71.0231969674 14.025506135 19.8659210828 11.8392054344 71.8828112395 10.6004679315 29.4579297578 -11.2261087127
