Tue_Mar__4_23:48:25_2014
29.8080090563 -11.2090425936 70.8835905987 10.4126810146 18.8182163398 9.16475458086 69.9023425205 12.0913253035 70.4430002514 13.1422423666 28.5384855108 -8.27092546925
31.3924377657 -8.34342024814 67.5033085317 14.6843191499 18.2983894384 11.9831648898 67.8888451512 11.6667592381 28.351153524 -10.6893513606 28.3023536919 -10.0923429548
31.4029777953 -7.78146066853 70.680859316 12.9419374185 20.8457115046 12.480306084 71.6649831224 10.3962703472 19.3035498221 8.62327595266 22.3938986061 12.4784222709
27.8305760446 -11.6566689682 67.9574991283 12.3629122486 20.5136399183 12.326858954 19.7366465933 11.6182167042 21.7661061165 7.89873232571 20.3502595819 9.15688864794
28.8528651968 -9.87682097804 71.4123038807 14.6517309423 22.2812693103 11.2865315135 20.0553138283 12.0759229009 30.782479405 -10.7631123961 29.9553875433 -9.47247456625
32.2153075241 -7.56498158721 67.8858134407 12.918813997 19.3980439791 8.34001904302 21.388471335 8.07652040938 19.5442391641 12.2046724856 68.9063402032 12.240353925
28.7115502116 -9.58598065864 71.6054070055 10.1998460682 21.6455794455 10.6957292825 68.1640146683 12.2850404016 31.9001666334 -12.3746460534 30.8395858203 -10.8740829255
31.5374344572 -9.35586888682 68.9925871262 13.0706280155 22.278352439 8.02562622385 19.1228177464 11.98541076 29.2675584388 -9.51956882505 31.5438957111 -11.1425927049
30.8355649678 -8.83376733361 67.6040070756 11.5817496155 22.2488672346 9.61127364683 71.6796259948 12.3510464505 20.0012384729 11.2620768528 21.3894495476 9.66827646997
32.0509398734 -11.7068145116 69.2943919041 13.7221697607 19.9709426094 8.34422739458 71.7339175605 14.0285154582 30.6662808182 -9.93142087691 31.7386536004 -11.9868993491
