Tue_Mar__4_18:18:52_2014
29.8265448608 -9.91054222975 71.8327904051 12.263701393 18.813950198 10.444243943 28.4065763587 -10.5113509142 27.6923780589 -11.247639382 18.6465315918 11.5313994521
30.4111881797 -10.9891090859 69.092868844 14.9597826376 21.042128894 8.26466081686 71.0827655582 14.686372535 20.3438399307 10.2365792395 30.2818857038 -11.9020333328
32.3620281544 -9.74046086641 68.024694488 11.0003058734 18.8793970199 12.2900215952 21.4516830183 9.60047846747 69.7151290639 14.2895233521 31.9732899655 -7.67012266707
29.9985060232 -8.85518005346 71.7353183391 13.6996248309 20.4619995135 10.6521942074 30.4153844658 -9.12994758416 20.7355319364 12.3813200774 20.4585115036 12.2193891633
31.5113358554 -8.60623696011 70.6030707203 14.6410050025 17.8074591586 10.0580084006 69.8056717816 13.3614689518 72.4150244431 13.5325540568 70.9018156306 12.9965039279
28.7644001649 -11.8925106171 71.4126448398 10.6233912751 18.0221799085 11.1603690349 28.1569739172 -10.0762163741 19.3873713526 12.0344028276 71.3058626325 13.8647669201
27.8236019837 -8.10624818725 70.9664207766 13.2174743248 17.9674955051 10.3753546553 32.1945513425 -8.5584495601 21.4531018708 8.89405490668 29.378864345 -8.26303474382
28.5068738955 -11.0051065055 69.7637378242 13.8344930002 19.6785860396 9.82472725755 69.7044851089 14.1609819492 30.6287708935 -9.04625003196 22.2799959085 11.6838407642
28.653396518 -9.41214544798 69.1481154565 10.2256866274 20.8081426544 7.51034451206 19.6917987623 10.6345442107 31.3178533537 -11.9007603177 19.0290603474 9.16824016796
28.2528032029 -10.395218471 71.2428490707 14.5416395509 17.7556490159 10.9352678728 31.78483017 -10.907983222 30.7454149834 -8.74936303458 19.9381097019 9.68116980565
31.9199478169 -12.0251337834 68.8567939244 14.6438834152 17.9232563295 7.68476706081 32.1044343455 -11.4642380231 69.997347602 12.4546407216 29.4398941912 -10.3163342528
30.6937910748 -11.1924199293 70.6589481093 12.8226895438 20.7981801446 8.79134220226 30.8242296281 -9.85824731099 29.3670942662 -7.56851939069 31.5051641684 -11.0188773339
31.3318136911 -7.99885828935 69.9565236802 14.0815706059 21.7155234798 10.9403150367 18.2803569329 7.59892603715 71.9999645922 10.5565715739 30.0880585195 -7.67368625479
32.390288951 -9.08376504078 67.9806578359 12.9140802161 19.2532806868 9.08004667164 20.0506186575 9.75642607476 28.589916606 -9.74443904978 21.9719232467 8.50286861603
28.5776162528 -9.32814039623 69.6298595466 12.3683303292 18.260699591 10.5421094909 28.971393233 -11.6741276375 31.4090995929 -7.93138822546 68.8318890896 12.8223412663
29.4433880548 -9.71401669266 69.1971477064 11.7380928123 19.7131625962 10.5515819139 67.7863777796 13.4480536963 27.8699336478 -8.76456182396 28.3109136778 -11.7816093232
32.4209527241 -9.45617646698 68.595809313 14.383835723 17.659173258 11.115331446 67.8944042562 14.8152809214 31.9896998002 -8.00811450622 67.8083214818 11.9674634345
28.1606877519 -10.3910167307 70.1693592831 14.7613785929 18.8550093426 10.7616176456 70.487170037 11.0757720435 70.3738687863 13.0172740436 21.5013114386 10.8511307233
29.6025808234 -7.5681395282 67.7217024202 14.6975336417 22.3058926806 10.8847755034 17.6523110724 9.82020138462 29.2152304328 -9.15837203065 20.3441882592 10.5375433314
29.192740214 -8.73939303937 71.4753774456 14.2736616515 21.7017802686 9.58526051537 70.1263608905 12.6312523256 17.5118728454 11.6142318618 30.3427944462 -11.0011294806
29.405817614 -7.63828036583 67.542961899 14.7561481566 17.7128509833 10.795947767 30.1504927886 -11.6374265896 69.447806972 14.0353669905 28.0960250887 -11.1274469802
31.0893231177 -7.53974056918 69.3345158422 10.2992175846 19.8959366826 8.83492450448 27.7509316488 -7.52902184258 18.3803815315 11.3364903262 19.1067701256 7.57856400684
29.0537086514 -11.7458618894 71.3416302766 11.5043568048 21.2983980093 8.58021399901 32.4783018829 -11.7180462402 71.4026396255 14.7110577463 70.4231520251 10.3930138619
29.8244689617 -7.68108481858 72.2545355506 13.2977264417 17.5302487964 12.2293355963 72.0806274684 11.6551211416 21.1292598045 10.3020178083 19.9756353252 9.24730709348
32.1775645558 -11.3587498191 69.6181192548 13.6064731892 19.5025124838 12.3078671567 21.831508536 12.099952977 72.1412613937 14.4387456853 31.8834341619 -9.89903624714
31.1432870217 -10.173869009 67.8194423496 10.73834377 19.7548664087 11.7071334646 31.90457445 -8.31862531368 69.6017843834 10.4809461162 27.5958258298 -11.4241338119
31.3047177032 -8.07127404716 69.8642101982 11.8502012046 19.8616843389 10.6183316676 68.9748539932 11.7193823404 28.6063453762 -8.23321027941 67.517656735 14.8321312064
30.7903424385 -11.2993223285 69.6567346005 11.1863553047 18.3078266112 9.50738183738 19.0139781515 9.60617587839 72.2044087791 11.5235675367 68.1183106542 11.0310895234
30.1197738875 -8.93153527451 69.2073410616 11.9987372056 19.2463561513 10.6657159573 22.1119115921 9.91434702513 68.0502475681 11.979922431 30.2570440461 -8.12628915031
29.8861747157 -9.13370912179 70.4097635934 12.8150267884 19.7303610729 9.31562890499 69.2192514234 14.0944521898 28.0053962239 -12.1103670853 21.5420637601 9.85868642448
30.1056068105 -8.12131704997 71.4962116249 10.3686916763 21.1643617676 12.1449486039 18.952019493 11.3166877233 28.4174581397 -9.54362231733 27.888481835 -8.67294694062
31.6076701726 -8.91289046174 72.4573846614 13.8659305521 18.9579141386 8.96892372856 69.2106722622 14.9449714505 29.1737893246 -11.1891050776 70.8484083179 12.5814197142
28.0529500248 -11.1426123111 69.455930328 12.1193885979 18.9497231309 9.74361287728 70.642616888 14.6323683063 29.4587758822 -9.66840224881 68.4792787424 11.521493623
28.5643486432 -9.79371769958 68.2984865891 12.91576117 18.3280246553 9.55973647273 70.7239647685 13.9001756155 67.7185570399 10.4806003696 19.837455505 9.9003914894
28.8237585962 -8.87251387864 70.3594534905 14.7029621796 20.5593867066 8.73908364418 68.3396702472 11.8311928748 18.6924585135 8.40168438334 22.0818492789 9.26472441125
29.3334392932 -11.3765679547 67.887300439 14.3161304304 20.2363126184 10.461600301 27.7229383844 -11.4246141623 19.0120252052 9.52914921264 67.6018786644 14.8047969723
31.8773055465 -12.2142230789 72.4497322609 10.5755991728 17.6587107467 9.16637281191 30.3109604119 -11.0065941549 67.8760493706 13.7564168263 18.426220431 8.59541380002
30.0264125159 -12.4378657921 72.1907783297 12.0322034013 21.2542494585 12.0099293144 31.4769609334 -8.11524985863 28.7553359472 -11.0631667284 32.4489134964 -9.47944784765
31.1590116037 -11.9921741494 71.8788353416 11.8736437881 18.3260881397 9.31529351519 22.498719014 9.78740752198 72.4205298526 12.7249849999 20.4592717027 8.56283775341
29.3709636957 -11.0111584707 70.7272960749 11.4338640203 21.0914708934 8.60374796977 31.6229800703 -12.4964001021 22.4858620376 11.091107782 69.0060305072 13.203512424
30.6025465262 -8.82235354318 70.8072128698 11.1545550227 22.0680731553 9.2582853359 20.6649580753 10.6905074607 20.3642212014 9.42181543703 21.7440855048 9.2696845375
28.4740304413 -11.9878163168 72.1971291529 13.3396195247 19.0817394316 9.2086488605 21.97121006 12.2823055774 72.2068800796 12.3538408775 18.9711285367 8.08162852187
31.8588019879 -8.11820733879 70.8024754295 12.6626801988 22.4076136096 8.43181896719 32.3504710421 -12.1586913265 71.7566249995 14.8814313416 19.1240722826 8.78298890255
30.728088667 -8.110693472 72.4183294668 12.3906928306 17.9333155442 7.66008964208 72.0976489019 12.8308152564 18.8064244029 8.8198267584 22.2123270989 7.83592914764
28.1177339289 -10.1442554919 69.7639184173 11.8709446434 22.181277092 8.62185755696 68.7830198677 14.8873647126 31.2943079276 -9.99275624088 18.7466799831 9.57669607585
27.7073266074 -9.63836404689 69.5895976696 10.5438867069 19.0991110524 11.6134573929 69.6664511897 11.3087008166 28.5915213202 -8.15610704456 71.1828045534 10.6538603531
32.2117523633 -10.0366726656 71.3548189645 13.0162172174 20.2176482527 12.0521739696 17.5612728305 12.2502862698 18.5124006878 9.70108143658 27.6825251199 -10.1557951918
28.0912544931 -7.75488759743 68.12913043 14.9338692545 19.6533978471 8.91604178124 17.7500315524 8.76471501438 31.0383953899 -7.64209400375 18.1271981389 8.76735063093
32.4792219676 -7.60183033716 68.5618441511 14.7020352755 21.0852863429 8.91775477344 18.9343907108 9.50000417984 18.9962017314 11.1177219923 71.6227726996 11.3397230659
32.0365109445 -8.87823671279 68.9927318375 11.1988289913 22.0688832924 8.53909436723 31.565559095 -8.13684186412 19.56330043 12.477403658 20.3316360237 8.35750733991
30.3361803841 -11.0635319229 67.7878723002 11.0320741507 19.7678285937 8.30142454961 27.6152499761 -8.45851069971 70.0941573199 11.9706103 22.4518918593 11.9308959593
29.6152333875 -11.3506984013 70.1041101405 14.8699633352 20.7616911746 9.17831207305 20.2433987436 10.8228781099 19.2643706101 9.28016964279 31.6865146158 -10.9660309264
32.1189950693 -10.2913558623 67.6485609217 14.3437197013 17.8650932407 8.67011904115 67.7372371331 10.5691904627 68.6756137514 11.3085268765 70.364745922 12.2016497441
30.6555150999 -7.81053503318 72.270471083 10.4236029055 18.134842041 12.4072507595 71.4734682184 10.1222776541 21.9580952336 9.02504080835 70.3282616388 14.6318415193
31.6404208207 -8.61959208458 67.8113724579 12.8826419041 19.8809347416 11.1358162228 22.3722069329 7.70229302784 28.4645832456 -12.3201044515 68.7982379121 11.6408396531
27.6776140101 -9.50837971426 70.9756651775 13.3339968021 19.1997915247 11.0654712646 21.6016548614 8.12986780418 18.0243602968 9.25127038264 70.7719667255 10.5349915078
28.0690817087 -9.30001310965 68.2360171759 10.8289557367 22.0332168307 11.3113069286 70.9684638621 14.7643101218 28.2607589658 -11.7555482241 69.9908383414 14.2388594679
29.153251718 -9.88487322864 67.5379031967 11.5024462388 17.585337723 8.40712472314 32.3861419132 -8.27163761187 70.3402604948 14.953089882 30.9723889448 -10.4094775588
27.5318262069 -9.32751413953 71.1092217992 13.7269230106 18.1263721594 8.58091275754 69.3440990546 10.3596128012 19.494156593 12.1447818463 27.8478662272 -10.3053223201
30.6895931472 -11.2536565165 70.4714959471 13.2090017115 20.4179468494 9.38220358016 70.2181166863 10.0896956011 71.0871321384 14.9200105734 20.0196336752 8.72614009496
30.9095242129 -8.45200972511 68.771078915 10.3425985998 21.8219708796 10.5346982314 29.4159666599 -7.75814948243 21.1327388864 11.9682282885 19.7977098247 11.872377982
30.5575372988 -8.90949284094 71.8656565672 12.0773422724 18.8029106035 7.57730546527 19.2674263862 8.73789544218 71.3866967043 12.743997527 71.5928482102 14.1596005033
29.10271453 -9.20452431039 71.0484136559 11.0112217568 22.2017141219 7.68767169399 69.5836452828 13.3357467913 29.421491508 -9.30200891403 32.4606910263 -9.64147267546
27.5243018654 -10.9563059644 68.3633672223 11.1120708096 19.2732171359 10.8489803666 68.6860384288 14.0223109436 67.8984446494 14.5630369231 21.2985040675 8.68242665636
31.6041484279 -7.52266677438 69.8708401347 14.440755395 19.151190801 8.43308794736 18.7388103779 10.2571091982 18.4426509076 9.93458412794 21.376694958 11.2020203242
32.4287500303 -11.4455586983 68.5810125824 14.533076832 18.9179999378 11.5194464513 17.9687221876 8.92368988421 17.7660079842 8.43992891232 18.759238733 12.3201953919
28.103191394 -7.62817086328 68.6111774755 13.0627156958 21.9391598318 10.2742381124 20.517082396 10.7152963272 71.9306757986 10.3687481702 21.9715530827 11.4911275481
31.2301463359 -8.53674421951 72.235389402 11.1470798827 20.4481430365 9.16664649885 68.7524874397 11.8277527671 70.4544878332 11.6193129001 31.0299154959 -10.6405513451
30.9499586201 -9.97577081483 68.2598491674 13.2189078969 18.8953022811 10.4634980183 69.3810348071 13.3031501054 27.6458038137 -8.24104227967 70.3063314925 13.4407409779
29.2745381929 -8.26700552411 69.7093741585 12.1992000947 20.9424899444 10.9302666822 21.6409984255 11.5571269598 70.9867128215 13.580497229 69.3371279816 14.3573394845
29.4951069608 -8.5169665478 67.8471511597 11.0246973917 19.4249728013 10.1692787798 20.6477042747 7.84908760472 17.531239561 11.1799359168 69.1821078096 14.7242497165
28.7768989977 -8.36235730406 69.8942682238 10.121113305 21.0915388305 8.34431195139 19.1012085448 7.96281216193 71.6389881438 11.9116816914 20.7520320384 7.8897320525
31.4264834433 -8.23876744543 69.1831738659 13.7563125123 20.4369616094 11.7095591122 31.4272187261 -9.00833201758 31.2164039862 -10.8662905603 71.9563095377 13.1156964333
30.3667334864 -10.66524187 69.4491773006 10.2073658956 20.4315825357 10.7782703717 29.2112338582 -9.67030533218 70.0990185868 12.8944723832 17.5803547258 7.89390218814
31.4586537983 -10.9796832154 67.6059953525 12.824053563 17.7718027145 11.1852840612 21.3564644894 11.7026464696 68.1774716403 14.9231598304 19.952810813 11.8907010154
29.7405959633 -9.51364577997 70.5218034163 14.7923067517 19.3369162109 7.92929764444 29.3528576236 -7.52921900408 19.1684598126 9.16776007411 29.4007468145 -11.3700319734
29.9048733976 -8.28531153793 68.9740730878 14.0447827997 21.5349105627 10.5255118915 19.6804605684 12.0181474604 21.8989665829 11.9062063739 31.9463976039 -8.91347707582
31.0956253193 -9.9650445675 68.0863581552 13.3346320383 21.7805154105 11.2101901266 30.1310907874 -8.73991304698 68.079864587 12.0476892953 70.7442268068 10.3541416315
29.8104868576 -8.12894258151 71.6149328754 14.9987627238 19.5247892355 10.9415109304 29.9080292731 -12.1289138726 17.5846965108 7.96656924866 69.8523289642 11.5437475568
28.9240144325 -11.1493892976 68.146631246 10.2406450901 22.0411132781 11.9101312177 30.4212723341 -12.2760091167 67.9925574905 11.8731636253 19.4550176508 12.4637983596
29.894904944 -9.22836377957 70.6407702684 11.1399352994 22.3731295876 8.34811944084 20.7693538013 8.45780256689 70.8341061002 10.7141749495 21.6213763509 7.85190987652
30.6468070797 -7.54752258969 70.2162399561 13.3506955234 22.2635537565 8.13774482638 29.6816473452 -7.60796312536 69.81042399 11.3016944828 71.2525165623 10.2664746443
31.2731469571 -8.77678600941 69.2495599613 11.2611518917 19.136713125 10.5674543211 71.0321287668 14.3471017913 17.8029389821 9.36830876468 67.5929465875 10.7329721139
31.5567424463 -9.17362291609 71.8782959778 12.2032900453 22.3538039636 11.807556861 29.9491454051 -10.5638351743 68.3619456589 11.1578789086 70.8031593659 14.4602683747
31.3551651664 -12.312737304 72.455019507 11.8854585478 22.4140339355 9.00637058895 27.7442761857 -8.07565290645 70.4867094903 11.3947602501 17.8243613814 9.56017694175
32.0244405531 -9.24203669766 68.4272860833 13.3041591559 22.0093231939 10.8561105615 31.3594714766 -10.1516399789 19.5796895787 11.6130977271 32.0532159029 -9.02446637792
31.8896015417 -12.0234742024 68.779931887 10.7265964435 18.0875300969 11.8581204496 71.233794894 12.4236022756 70.929962364 12.5049139705 21.0843137313 11.4840133759
29.966006676 -11.9568023693 70.3897538272 10.00756113 20.8313963799 12.1782936549 18.7805294868 9.19447456824 22.1236053677 11.5877426641 67.5358977975 12.1533163652
32.2077290418 -7.60594061895 69.6126818522 14.9450121636 19.0291292604 11.9004672105 30.1577070453 -9.36212646785 20.2913698777 10.8933744461 71.5765167922 11.8874125694
32.3587815337 -7.64230801289 67.6138658473 11.3223729282 19.981625964 11.2834136409 19.8884378312 9.6596320429 31.1695698075 -7.9674347543 18.341389558 8.22619714716
28.0804848856 -10.791213152 70.1746688413 10.4246791347 19.4864125898 8.8228255628 29.1422827199 -10.8912354363 32.0389357068 -10.7781454512 28.6509764559 -10.0845546501
28.9011555726 -12.4045146101 71.3876365525 12.939423961 18.2838291068 10.5398720368 70.7179498691 10.2046250831 30.5183268644 -12.1209012765 28.200948072 -12.3256059742
30.3718908643 -9.21650644583 72.3102612989 10.8097717615 17.9799656946 11.0282656742 70.7226192767 13.8584694214 21.4394439112 11.8955536835 72.2267658988 11.8326130124
31.4215632041 -7.87080278007 69.6029850129 12.1894334921 19.6476786279 8.00547230454 19.6690926252 11.4033136593 20.6336418708 10.6723463855 31.1485440275 -11.8049069071
30.4702176142 -9.935257484 71.0014052096 10.3776338933 22.4175580754 9.38270726277 19.9539974063 9.51002420687 21.4036915982 9.17930749901 67.8428385938 10.717433892
30.0629181254 -12.4420404585 69.2802517388 12.6733890332 21.5623660798 9.24597739392 68.4501981626 10.6405229122 19.4214497069 11.7297292419 71.572912013 14.1669679126
30.2128463431 -8.12206407833 70.1619633085 10.7963060671 20.3258703565 12.0406550314 30.9553343162 -9.64734309803 70.6946168383 10.6820768742 71.7219846098 10.7591413259
28.8599106817 -8.32247270621 71.9652407515 10.8453510067 20.1080113853 11.135472462 20.5009385958 10.8919289533 18.548843844 7.95635334473 22.1045165849 11.9009375499
31.7584487106 -12.4365741775 68.1527741256 12.1602638191 21.8463396473 11.1204925411 69.9693498805 14.8189967293 28.9252903197 -7.74999156111 17.5443982392 10.8871141127
30.4508216093 -10.9470611041 68.6540898662 10.6983770053 21.3811645297 7.99783336194 20.0203005453 8.58682855265 32.0313972524 -11.9004390289 28.1687829515 -8.96867289149
