Tue_Mar__4_23:30:39_2014
30.0312836468 -11.1957695433 70.7275767067 11.6563902329 19.204319643 12.0689375245 30.9401402833 -12.0054704421 31.1082477756 -10.6788220962 20.8561813794 11.4404275789
31.2460381747 -9.20074978376 71.0962465713 14.8752051215 19.7841873142 10.9392533773 32.4790446808 -8.00462800685 28.6092533229 -9.71779595468 31.6482660674 -8.61547037234
32.2062909284 -9.7280213747 68.412010746 10.090576714 17.8300440394 10.6048788783 22.0120991869 10.037648108 32.1832726382 -11.9700846862 71.7575574481 10.8481460138
27.9979589762 -11.0165595576 71.7062481255 12.7821959342 21.1826881957 7.5306735179 18.508512653 8.16652600605 20.673625072 8.00791010249 30.7111773258 -12.3587483871
29.4613411485 -10.162339255 70.690061417 12.7315010642 17.6277816571 9.12519020228 29.1664163614 -9.89568268893 67.6104655796 10.0499382561 27.5199504619 -7.99777438548
29.9056757739 -7.8868742273 71.4986982789 10.256668907 21.2095958443 11.1028732603 28.3791077532 -12.3860367509 18.4595073272 8.69891065945 20.4738063387 12.2133247465
31.5174648304 -7.91944535745 68.5664145798 14.4828400685 21.7854495888 12.348127457 30.0459977356 -10.3442397187 21.2425249636 11.5078962038 29.9262894899 -7.58023528558
31.4912702542 -12.3043177445 70.2674939311 14.5148196008 20.9569995932 12.2319508471 27.996999975 -11.0396293624 30.5315139747 -8.56333009878 20.0717807303 8.37834818514
32.4752009768 -10.5464711728 69.1895305434 14.6304392768 20.5503122687 9.07279316019 22.0282390576 7.99796718976 72.4757391089 14.4488171132 68.9503470667 12.6006880614
32.4207873325 -11.5788432744 68.9816949722 10.8851348506 21.0848602052 7.98886941936 17.895003742 9.60194330593 18.5940402143 8.49008804953 69.3498381014 12.7448803714
