Sun_Mar__9_17:54:51_2014
28.3014970553 -11.671003032 70.2375602417 13.3993121528 21.5555086686 9.13852571083
30.0533252599 -10.2339404046 70.1344345585 10.71311566 19.5554288338 8.2887880588
31.5366812349 -8.90570285043 68.7605084045 11.3071518562 22.0658783098 9.96207919584
29.8666253036 -9.42478753327 68.1153968461 14.3869534296 18.321150675 11.4815319904
30.0458533323 -11.0498507657 71.2339189818 14.4898391289 19.5270661005 7.75302604148
27.9414118409 -10.5971514472 70.5762733037 11.3064824273 18.9038959586 8.83802314214
31.6172441427 -10.8450793582 70.2133581179 14.6805727607 18.6864261646 8.59049913162
30.6995029801 -8.98222509986 68.0581409818 12.6398494893 21.1884464979 8.99242900621
29.1859943516 -10.160542119 70.9308940726 14.5584845293 19.4108735222 11.1365977328
28.8693732521 -11.1070376608 70.8369133018 12.1412665464 21.2517471266 11.2547058446
28.4541588224 -8.88105234381 70.6280532671 11.6278184622 20.5109942059 9.28043915756
30.8386954754 -11.9866884248 72.3284126073 10.8156255961 19.4388870815 11.4960074751
27.8920386838 -8.9593709973 68.1410083597 11.6803441342 20.9912328469 10.0648991965
29.9297574188 -10.066327862 69.8761813726 14.9000546541 21.5569039135 10.4927555386
31.0001992892 -12.2643522 71.5297518559 14.8873257243 22.2609620028 12.0366870341
32.2828758523 -11.5119446043 68.2527590888 13.6532651297 17.6929981823 11.448882812
30.1674078472 -10.9997823294 69.5476781368 12.9562384833 21.2250026557 10.4892409623
28.896785101 -9.77121808136 69.9944473954 13.5629271247 21.9391880338 8.5926689421
30.8035122602 -8.63940985543 71.5954479189 12.3999474149 21.9005559155 9.79947732222
28.1009989707 -10.931312184 68.4954457771 12.3846851506 22.4016947222 11.2842260377
29.1733875624 -10.6751437955 71.2028027552 11.9126274977 20.9124253418 11.4010204928
31.6487523527 -11.976481885 68.5465359267 14.9251674414 20.3389587178 9.63907747123
30.2796287563 -11.7290357137 68.6296763813 13.5512679409 17.7617736806 11.4312836007
31.4123696274 -8.03774001056 72.1120275116 10.8310350768 21.8946210812 11.2681262633
30.2299688893 -8.28123964957 72.357818812 11.7717038566 17.5267162236 7.62164217156
