Sun_Mar__9_17:55:24_2014
28.2211856378 -12.253200062 71.2820270074 12.094275003 18.028065223 10.3849674709 27.5612946085 -9.14745282774
28.8199621834 -11.8767597864 71.0652008405 11.9333289611 20.2068169455 11.4482474343 22.437417528 9.40210857748
28.4341626615 -8.59174631374 71.7221636248 12.2078351808 17.7014228112 8.52800333161 69.2240886241 14.3326404945
31.0797163506 -9.07625257099 71.1283979361 13.096551922 17.6518790208 9.65849416424 70.2389379304 11.072110085
29.5794877395 -8.40356165846 72.2806594901 12.6824795915 20.2049770931 8.62875986929 68.4810845493 10.990225963
29.6721680681 -8.16351964838 68.1749768972 12.9645213092 19.2916978466 12.0204242696 31.3178039327 -8.49630511717
29.7847020735 -11.2453177837 70.6494565704 14.6691675072 21.409839173 11.6937550279 17.611482252 8.83913929358
31.7180118874 -8.61190740903 71.4989161625 13.7145491989 20.1159324357 9.28046349639 71.0929037022 13.1702209519
29.5318957253 -8.53730672551 68.5395494748 11.8303438033 17.6867152967 12.1314598796 28.3092146117 -10.8223426282
31.9776791993 -8.55033465739 69.6251809245 11.658931486 17.5574452787 9.51655921142 28.736468681 -8.20105646677
29.2602176955 -8.32333378618 71.3024976017 13.7829812945 17.7388011758 9.2674912657 70.086952372 11.193585325
30.735404723 -11.9434364568 71.3488372166 11.695942451 20.0282226547 10.0008828895 30.557715533 -12.2704190038
31.3354732516 -11.3427639226 69.5547735027 10.7946893287 17.754938253 8.37983266932 69.0275975972 13.3614949356
29.2486737028 -9.70360475406 70.7820552446 13.8543178768 21.9760823675 9.54637561947 71.7616193855 10.6767954058
32.0811822229 -11.232199129 68.3163520856 13.960152275 18.9530325315 8.83975829468 32.2299427499 -11.3725630402
27.7763830551 -9.78467966145 68.7076747993 14.3828157491 19.1007255116 7.79623444249 29.5152453372 -9.40328890946
30.687216685 -11.1760799543 69.9423789308 10.3746337496 22.2215023401 8.80415048486 27.9921830467 -11.077648986
29.1401349931 -8.82856017406 72.4460447793 12.5778895057 19.6356501385 10.120828886 20.3858809456 9.39600909978
29.8457675643 -11.8008816323 70.338674907 13.8824277566 21.6621050625 12.3111390282 67.9066189459 13.7758311911
31.2126839448 -9.62550432947 67.7457633231 14.9416515381 22.4585925041 11.8750871687 71.8948787377 11.7706236964
28.6993814299 -10.5602525997 68.1106117153 14.6094537232 21.6857253983 10.8768307605 67.5564496464 10.6994492456
30.5265979737 -11.4745586551 67.6700770948 11.7326971808 21.3969033235 8.68374619167 18.1053782671 10.8760521131
31.1989782289 -8.90361683978 72.2781084904 14.2210196268 18.9706819424 9.19590968621 68.4424194868 10.0917527418
31.4581256044 -8.37587462464 68.9680260658 10.1473033513 19.0737561164 8.01258114023 70.4596229658 12.1787144134
30.7675446128 -8.05547830871 67.8479440967 13.0507974797 20.0175039017 9.69476524786 67.7933974206 13.230596375
